251 495
122 378
345 739
145 300
204 507
203 238
62 494
652 221
442 451
709 642
323 188
281 291
670 197
679 668
472 88
534 564
793 38
751 573
459 304
212 281
444 608
250 408
273 492
370 312
293 57
223 529
93 709
549 578
405 447
405 355
749 765
83 469
240 267
214 614
205 96
548 29
663 500
18 787
484 88
422 719
702 459
437 644
786 289
309 448
546 464
306 530
443 157
432 138
350 341
661 377
44 571
544 763
49 648
744 478
769 685
520 577
175 11
14 643
380 735
261 483
557 501
66 158
304 264
177 588
746 397
260 733
711 416
472 407
180 170
422 89
186 691
285 637
64 94
159 68
373 696
197 619
184 138
517 785
143 285
799 66
450 254
298 149
475 51
4 531
671 343
458 345
299 197
742 605
739 383
258 436
573 707
423 230
778 467
82 799
754 454
466 683
797 81
243 255
791 33
89 318
208 245
635 508
30 265
272 736
730 626
545 132
423 247
486 239
342 593
23 161
3 523
288 559
770 341
233 531
25 247
219 349
442 253
723 29
708 795
210 461
652 672
733 195
24 261
222 214
196 774
600 772
239 549
54 356
516 793
630 530
169 102
795 266
270 92
735 534
689 109
192 1
723 178
579 48
214 781
781 751
182 558
784 192
718 161
217 387
76 267
536 450
452 671
702 11
3 278
214 254
347 3
83 444
679 346
661 98
267 577
104 391
504 391
674 140
262 522
762 470
713 58
89 80
526 47
738 527
230 793
49 709
167 423
22 438
79 491
285 787
370 490
439 771
252 82
253 233
503 202
316 676
494 61
331 630
572 53
254 619
393 60
756 304
247 296
198 394
767 591
113 173
242 462
771 180
689 173
7 109
670 427
500 131
443 66
264 595
488 422
76 601
572 360
517 460
413 465
797 535
544 537
246 558
338 292
301 639
723 667
96 401
377 749
601 439
515 405
118 600
150 223
563 300
504 493
265 699
148 358
275 424
751 293
490 616
653 280
49 352
291 525
455 799
276 630
673 108
239 222
770 121
25 76
456 726
793 481
208 189
97 629
482 81
529 781
294 228
321 368
784 513
298 682
656 20
650 593
336 124
718 514
166 365
426 48
215 313
580 357
535 634
576 644
465 227
664 324
789 255
427 732
467 291
293 584
205 350
19 739
109 257
249 307
241 446
348 754
76 341
560 328
678 293
344 434
647 105
305 215
578 292
145 537
204 195
62 41
136 211
791 686
186 34
152 315
615 186
349 360
267 82
266 123
224 791
218 457
574 448
430 726
590 195
599 152
310 223
402 156
541 625
744 4
714 528
240 149
229 645
306 98
144 610
295 633
8 375
401 335
468 496
116 406
4 755
787 83
313 798
571 279
670 272
695 401
235 520
12 746
355 797
436 224
660 639
509 641
434 307
766 482
50 431
121 394
66 86
785 351
577 533
653 639
318 382
297 623
132 483
142 196
425 779
696 60
443 629
77 688
799 169
561 514
497 56
518 61
459 372
783 680
236 644
46 484
89 623
122 288
288 415
588 107
256 613
796 577
467 523
219 2
291 400
321 22
688 375
684 127
315 492
132 465
175 99
458 671
277 501
93 37
475 482
388 685
399 64
367 554
21 586
452 633
728 151
62 263
598 170
770 713
65 118
799 303
588 476
228 436
288 490
534 308
207 715
39 268
108 783
547 323
232 239
788 310
526 404
628 296
171 789
36 612
759 763
176 778
652 701
88 255
756 106
59 77
84 22
636 490
232 632
754 770
263 399
249 121
798 196
38 386
101 409
330 495
628 681
517 735
283 55
359 714
359 15
213 175
570 397
51 77
62 173
102 122
145 156
276 288
130 271
193 201
75 289
18 106
122 148
7 301
297 324
26 37
257 278
76 267
115 243
193 222
111 158
35 327
27 200
8 194
11 48
212 351
2 305
71 179
77 171
249 362
112 131
314 362
317 341
113 126
53 235
238 307
32 182
53 199
105 336
197 363
50 332
97 256
250 396
388 398
205 296
46 69
226 382
34 271
65 213
19 78
44 145
1 214
82 176
21 387
260 366
136 187
97 233
196 366
173 224
159 310
134 160
323 348
30 139
141 225
173 371
263 344
86 173
172 276
95 245
106 251
248 301
66 159
63 209
355 376
157 357
87 338
57 304
187 381
131 389
85 294
13 379
1 272
84 301
270 360
92 163
268 350
64 302
192 327
76 130
105 359
8 295
77 227
361 382
101 207
38 176
126 193
116 306
245 246
52 57
80 174
36 287
261 301
23 106
163 338
0 365
17 235
153 237
14 231
12 281
115 183
126 140
112 314
179 292
252 337
220 392
121 357
0 278
244 265
7 281
89 215
137 162
24 172
71 289
27 246
145 194
263 282
182 243
0 113
270 377
74 175
215 341
231 327
94 235
166 296
129 384
212 295
224 371
270 386
161 361
0 126
84 152
156 373
227 321
251 309
195 333
19 371
38 82
155 311
102 368
195 209
63 291
42 314
166 319
186 215
112 362
53 310
219 390
58 321
216 362
168 311
245 308
170 198
155 312
149 224
104 204
179 222
154 337
193 318
21 364
41 348
55 200
8 28
57 230
133 240
10 173
52 209
296 391
48 202
39 250
81 86
30 54
156 194
128 221
274 317
62 202
64 88
258 299
98 286
211 370
0 4
97 123
170 345
77 125
133 338
288 398
316 393
217 356
34 275
95 356
119 278
33 291
99 358
18 251
53 159
39 74
151 167
100 224
9 120
73 161
126 154
226 383
228 310
208 399
124 164
341 387
34 56
128 232
166 278
101 129
345 365
54 377
14 242
151 390
205 311
66 88
103 164
114 255
54 204
79 381
16 98
147 322
169 258
0 220
185 269
38 192
22 45
107 247
37 304
22 158
33 385
40 240
73 271
80 309
254 324
5 371
84 374
200 339
302 343
27 60
241 312
133 184
82 353
155 296
235 310
229 398
58 258
136 188
65 169
63 230
194 329
78 334
73 350
119 364
147 286
47 192
124 378
52 324
230 291
49 88
166 214
125 232
180 342
58 396
230 333
301 374
71 175
3 214
61 161
266 346
74 396
64 94
23 274
322 344
68 210
187 325
360 386
39 321
10 264
177 222
180 192
46 247
262 392
74 206
210 269
143 364
154 158
189 226
239 284
109 361
224 283
32 100
241 296
87 163
67 85
74 250
150 397
235 240
45 170
45 365
117 147
191 328
101 326
67 351
170 262
196 244
236 292
30 270
198 262
375 378
234 317
34 135
120 246
132 276
172 395
10 86
36 190
79 225
72 361
109 226
52 333
268 313
221 250
74 280
276 388
84 261
259 293
85 194
150 395
82 192
56 340
104 270
1 259
280 321
103 367
111 126
9 316
60 326
15 212
156 399
197 295
204 360
80 306
208 373
171 321
177 292
117 298
109 189
15 339
55 217
24 397
279 326
137 336
48 274
38 191
38 69
94 302
198 351
276 395
151 346
224 233
10 283
15 326
0 158
172 340
176 231
245 356
159 235
171 394
53 66
30 360
15 217
132 288
186 257
138 375
67 156
68 347
46 284
113 201
43 335
335 341
26 324
0 349
47 284
56 347
248 302
102 144
122 358
255 320
24 132
160 223
9 184
99 102
95 227
221 232
289 331
222 318
70 289
181 261
123 149
255 269
239 290
21 115
329 373
164 375
117 322
26 254
274 294
70 124
155 219
362 372
73 383
227 280
155 390
14 191
33 337
38 46
117 381
111 201
152 301
26 230
141 357
39 352
267 371
151 205
126 303
153 322
154 222
334 380
151 332
311 332
162 178
274 341
213 331
246 308
15 285
51 227
119 166
45 392
1 155
48 294
121 389
260 399
149 243
135 347
107 116
73 76
71 337
177 318
2 175
76 288
147 153
73 340
7 218
149 182
152 190
46 91
63 266
175 203
41 308
26 165
223 322
173 233
175 236
210 255
290 395
101 384
92 310
179 331
9 204
174 247
34 288
105 328
57 324
44 208
18 247
207 279
121 188
294 309
211 366
35 328
146 227
246 307
132 290
73 135
134 223
86 264
31 168
131 216
137 327
5 398
1 205
79 98
88 372
38 327
260 300
25 201
195 291
204 379
196 260
5 32
58 206
98 160
37 369
215 317
121 136
152 248
92 199
213 236
146 348
363 384
82 231
78 210
98 117
183 364
36 384
92 159
2 396
307 379
282 359
71 177
287 310
225 381
41 217
196 399
78 99
40 302
27 285
141 187
71 236
77 232
50 355
350 361
8 339
182 253
170 354
113 303
5 123
105 191
344 357
80 106
24 342
51 125
289 385
32 123
6 83
88 190
26 369
102 148
21 143
160 298
20 217
166 241
139 270
68 269
115 387
173 264
265 300
123 224
101 363
123 267
151 312
73 130
15 200
190 384
59 364
0 25
222 385
366 370
279 373
126 201
185 361
91 116
158 220
157 344
65 367
224 229
203 236
29 48
48 317
76 229
304 324
145 326
70 291
325 389
3 255
104 307
28 67
317 387
241 272
199 235
206 258
147 237
42 131
42 112
44 60
0 186
395 397
146 352
75 291
35 178
191 327
71 385
72 268
87 133
247 251
79 298
9 87
104 316
49 343
111 220
44 200
171 221
40 310
103 258
116 251
127 293
379 393
123 173
29 329
41 356
342 395
362 389
25 126
350 382
71 318
316 379
245 285
54 330
281 282
123 288
49 248
6 168
151 391
36 133
211 260
81 275
193 331
163 240
97 243
258 305
23 62
50 230
16 160
229 320
161 226
82 180
193 252
161 313
294 329
108 292
166 312
249 389
234 335
31 151
103 236
243 272
46 191
35 162
115 256
214 241
185 210
121 187
204 270
120 238
230 376
27 326
303 349
219 293
32 256
23 234
84 218
96 298
68 130
160 237
180 397
60 200
130 161
134 344
164 378
190 302
117 237
88 112
43 392
136 344
88 362
186 364
129 326
5 100
14 69
151 311
133 235
199 310
152 302
175 213
194 212
134 153
61 72
83 168
175 318
47 191
58 280
333 376
166 183
130 388
80 247
262 317
22 220
99 255
69 284
313 383
127 155
15 60
76 185
111 354
43 215
226 350
69 180
34 73
345 349
340 395
314 372
213 289
260 370
11 256
71 331
262 341
151 319
59 215
317 335
197 351
51 128
157 263
53 94
25 140
135 271
87 184
36 101
217 323
242 353
79 117
174 306
140 291
38 47
58 227
5 224
215 335
251 306
9 13
88 94
172 290
195 230
39 95
22 59
83 332
141 325
176 328
259 390
74 258
1 99
313 350
156 370
59 303
246 285
5 97
90 246
46 174
239 276
166 391
265 366
29 274
39 146
53 240
9 307
243 256
271 340
91 247
4 266
75 179
263 359
53 133
49 190
19 100
169 277
102 114
145 197
121 157
147 160
193 385
188 273
187 357
108 252
390 391
200 315
275 395
109 313
67 329
300 374
206 305
166 346
214 272
40 384
18 107
146 356
76 347
169 305
192 242
168 332
165 297
158 201
128 171
16 381
19 115
182 371
6 319
123 229
234 341
267 269
114 148
282 336
52 195
19 256
39 58
13 238
315 384
118 360
35 137
80 116
194 295
25 303
53 163
221 321
234 262
115 241
232 394
198 295
206 321
44 197
103 124
69 192
16 96
68 76
15 315
114 368
21 341
63 140
59 220
54 270
29 294
111 154
71 203
56 73
216 372
275 388
220 349
40 66
136 157
164 277
324 333
55 326
45 345
4 119
32 224
279 399
205 390
139 377
238 393
206 352
265 374
144 368
112 372
263 322
155 259
152 218
24 395
47 69
13 393
69 242
71 193
210 380
244 374
353 397
144 358
211 374
134 157
2 352
27 55
248 261
218 301
215 387
267 398
39 348
141 249
275 342
120 393
223 263
61 109
281 359
106 247
99 334
100 210
234 387
195 376
138 277
196 265
142 225
100 267
153 336
187 389
88 343
181 249
131 141
293 390
209 266
237 322
113 140
131 181
153 160
233 264
30 118
138 378
135 340
59 365
19 32
1 166
267 288
88 302
102 358
50 83
146 308
200 212
189 382
60 279
312 391
4 140
146 323
55 245
132 172
6 31
225 357
165 304
9 238
16 79
334 358
31 319
43 89
105 282
18 80
95 348
96 160
358 380
258 396
165 369
205 312
118 386
21 278
196 211
98 381
28 351
157 282
273 282
1 312
107 306
148 368
123 371
109 114
202 283
145 212
39 227
124 375
273 336
49 152
331 385
82 242
172 388
300 366
39 171
307 316
87 204
85 309
73 347
57 333
83 376
12 357
72 350
190 207
103 138
129 238
131 249
194 351
190 343
59 158
1 127
18 329
322 381
169 299
61 382
206 250
57 165
60 207
16 286
275 288
138 367
8 198
12 136
104 338
163 235
112 216
136 225
206 396
54 104
90 379
84 248
325 357
26 52
244 260
22 186
331 337
337 385
8 67
34 388
65 124
14 180
250 321
122 368
11 32
252 318
33 179
68 288
6 167
82 162
132 342
93 375
91 251
85 329
7 12
153 188
3 334
163 184
297 304
58 74
37 254
228 235
88 181
215 257
218 374
219 259
105 281
22 303
5 267
134 381
250 352
63 385
257 387
134 357
284 306
330 377
79 286
222 331
188 357
44 194
171 280
120 316
91 309
7 359
180 242
2 299
92 94
368 380
118 377
205 214
50 333
36 363
24 150
307 393
64 159
65 236
200 326
277 378
130 347
108 354
116 174
64 66
137 237
81 264
66 152
51 90
11 182
246 316
39 280
111 349
315 363
72 189
160 344
15 245
10 62
218 265
19 97
32 97
171 232
220 345
217 245
95 146
51 232
155 391
129 315
34 68
182 256
175 177
43 262
196 370
94 240
100 173
172 288
133 159
53 287
244 300
152 261
37 297
1 391
115 182
199 338
78 380
273 281
194 208
85 156
136 141
216 261
93 297
97 182
114 122
91 106
189 361
41 323
165 230
186 278
206 280
275 290
118 139
236 396
33 63
333 355
208 329
309 329
205 391
90 285
160 322
288 388
90 125
212 339
145 207
52 376
188 223
168 266
179 337
214 296
70 331
98 298
149 173
64 314
171 206
357 381
145 399
139 204
137 178
291 333
213 367
160 263
65 175
268 383
41 146
155 241
255 380
24 276
78 144
273 359
103 277
50 110
160 286
12 121
162 176
38 328
203 222
31 332
17 104
143 387
242 327
121 249
59 186
347 388
308 323
34 276
142 157
68 123
151 168
181 362
4 126
9 54
104 360
42 216
10 81
370 399
108 177
42 181
191 231
293 311
2 206
145 279
40 287
99 272
64 112
59 278
54 87
226 313
32 173
345 392
77 394
276 398
142 187
40 190
151 296
203 318
120 204
68 185
204 316
124 367
43 341
186 365
19 243
197 208
82 327
342 397
52 355
285 308
154 193
197 373
38 162
196 208
64 343
50 376
222 337
17 184
216 301
21 335
43 365
106 306
17 133
58 171
65 164
269 320
20 356
69 82
70 75
335 387
153 344
164 169
66 302
49 84
186 349
226 361
69 231
102 380
16 147
107 174
14 327
326 363
140 209
298 381
17 87
183 214
157 223
28 295
52 254
18 366
278 364
46 47
0 119
68 398
10 233
123 398
42 249
211 265
227 250
81 132
72 383
76 398
124 277
110 355
40 94
50 209
229 267
170 392
113 158
349 365
330 360
56 135
176 191
308 356
95 280
31 167
144 334
12 359
207 363
34 130
0 59
196 373
5 149
80 107
44 373
193 292
161 268
83 355
175 396
34 172
295 339
193 337
7 374
134 322
111 193
0 22
112 181
20 348
70 378
43 345
260 374
218 248
296 346
72 382
108 203
56 271
90 245
53 228
52 165
77 221
99 368
11 202
35 82
162 327
97 149
89 387
205 219
17 163
129 363
14 353
121 325
42 389
97 100
26 304
132 388
275 276
22 257
163 199
267 320
313 382
255 358
188 263
2 58
41 95
233 371
44 212
25 158
85 251
230 324
18 29
14 162
139 330
157 188
25 113
114 380
114 358
133 163
98 147
44 399
276 290
111 252
201 252
31 346
364 387
240 310
67 373
32 149
369 375
104 330
9 139
222 292
62 264
4 113
81 239
51 171
45 354
100 123
271 347
34 347
257 335
216 249
37 165
30 386
42 372
56 350
222 236
134 142
30 377
259 312
229 288
88 152
62 233
12 157
10 239
122 380
143 253
241 253
201 337
9 330
90 393
227 394
13 87
261 374
2 74
235 338
89 341
277 375
103 213
14 46
156 208
71 292
171 250
181 314
86 224
217 348
96 225
38 105
360 377
270 330
2 258
217 285
122 144
224 398
240 287
11 173
214 253
210 267
117 160
1 296
189 268
108 318
19 182
203 337
40 159
269 380
152 343
57 376
27 245
244 373
37 93
11 283
5 173
154 252
132 395
248 374
173 283
95 308
327 328
202 274
139 360
116 247
43 170
133 310
319 332
149 371
48 234
67 208
55 285
94 228
34 132
41 352
272 334
62 97
68 267
220 303
134 263
324 376
89 143
208 279
18 116
119 186
290 388
32 371
72 313
214 312
6 50
2 103
58 305
216 314
60 212
89 335
234 274
246 393
243 253
65 103
9 379
97 173
176 192
18 91
172 275
382 383
221 227
161 383
253 272
71 252
19 149
23 29
45 220
159 228
22 113
7 261
207 384
124 138
7 273
80 91
72 109
315 326
9 104
60 363
162 231
17 199
150 180
264 283
121 141
192 353
227 352
17 338
142 188
55 315
367 378
195 324
113 349
62 283
220 365
171 227
120 379
197 212
143 241
99 219
145 373
295 351
63 126
231 242
15 27
5 210
91 107
224 267
67 197
255 368
94 163
145 363
16 117
160 381
194 373
280 348
35 176
133 287
75 385
225 325
249 372
83 110
70 385
128 394
61 189
22 349
288 290
165 333
279 363
99 144
143 183
3 19
55 308
132 239
12 301
218 261
12 344
318 337
174 191
158 349
179 385
205 259
80 85
209 376
59 257
44 326
183 387
346 391
14 82
253 256
4 303
211 300
143 166
124 369
259 358
184 199
289 337
266 291
13 104
38 231
252 292
42 362
142 357
3 99
181 372
153 263
39 206
31 205
155 214
155 205
34 76
244 366
149 267
14 176
156 196
28 170
29 85
161 350
265 370
211 218
96 381
24 290
26 333
194 197
280 352
229 371
60 197
114 144
9 17
53 92
36 129
209 230
33 331
323 356
54 139
89 278
300 370
144 148
311 391
167 390
81 290
202 294
65 277
93 304
189 313
18 294
204 330
14 192
33 289
142 223
215 364
13 120
238 316
50 57
82 328
97 224
46 306
104 184
66 343
27 315
115 253
44 279
251 366
168 346
45 349
110 332
6 332
24 275
49 66
78 272
5 19
63 75
51 221
72 161
217 308
254 297
27 217
57 195
95 250
99 127
68 320
156 197
197 279
119 257
32 243
144 255
12 188
157 273
61 185
21 186
152 374
250 280
185 320
60 129
29 309
9 393
127 219
308 348
167 311
127 390
33 193
254 304
187 249
199 228
263 336
117 286
115 143
207 399
339 351
184 338
40 53
54 360
99 380
163 287
305 321
68 229
150 353
349 392
97 371
33 75
146 280
159 240
187 225
23 48
150 342
6 110
50 52
29 67
336 359
255 334
6 151
91 306
100 371
6 311
57 355
188 344
81 388
106 116
292 337
154 318
66 190
151 155
22 345
259 334
121 142
138 164
58 352
13 204
14 47
262 335
18 85
210 320
139 386
313 361
138 169
95 323
178 327
69 353
192 231
125 379
20 323
13 316
84 302
79 96
179 252
106 107
161 382
248 343
195 355
25 59
167 293
172 271
145 351
126 158
201 303
23 294
61 320
71 213
87 104
125 128
354 392
154 179
96 98
44 363
4 278
88 314
165 324
103 175
93 369
90 394
225 298
178 336
136 357
61 313
181 216
81 276
261 343
20 146
66 94
154 201
176 327
21 183
60 145
286 322
84 343
167 332
45 158
141 389
18 309
7 188
176 178
86 233
3 78
179 203
3 241
50 195
31 311
89 119
257 364
92 228
203 292
212 326
72 226
74 352
137 328
39 396
136 142
350 383
94 310
58 250
70 367
159 163
110 168
223 357
183 253
145 208
158 303
141 142
260 265
16 298
28 262
14 38
162 328
348 356
75 331
127 205
12 273
9 360
222 252
8 351
148 358
17 287
71 222
179 289
153 157
268 361
5 229
142 381
120 307
179 318
67 194
12 142
11 62
61 361
21 215
206 299
311 390
176 242
242 397
153 223
48 341
86 283
81 288
54 386
227 348
60 315
179 193
94 159
59 345
299 305
93 254
377 386
140 266
164 367
8 197
266 319
22 365
1 241
99 259
90 232
131 362
175 292
92 235
76 320
247 306
59 349
131 372
59 89
100 149
223 344
233 283
23 202
13 307
32 62
49 302
226 268
161 189
296 312
328 336
231 328
15 55
14 328
21 257
268 382
103 169
20 41
44 351
156 329
289 367
107 251
4 25
319 346
51 394
178 328
163 228
244 399
352 396
367 375
3 272
52 230
116 309
89 186
142 344
65 138
290 342
45 111
167 168
165 254
211 244
28 198
80 251
244 370
204 307
36 240
89 364
183 241
31 391
0 257
163 310
180 353
144 380
17 240
168 319
21 89
77 128
84 88
0 303
103 299
209 291
106 309
101 315
209 333
177 203
55 339
39 41
292 318
78 255
365 392
44 207
369 378
132 275
158 365
127 259
11 97
134 188
222 289
95 394
358 368
96 325
373 399
36 40
8 212
352 356
23 309
224 264
89 257
80
63
16
130
98
153
104
73
175
78
86
216
279
55
87
93
95
125
145
89
75
247
74
167
80
179
131
223
119
36
34
54
114
69
162
57
101
211
153
167
187
54
109
86
191
46
198
31
99
26
34
63
95
96
67
46
24
120
107
77
107
24
71
66
43
240
68
103
186
172
46
66
183
117
139
86
150
62
85
213
62
121
89
58
131
55
82
132
112
76
154
60
134
66
72
50
171
105
38
140
203
77
78
96
25
96
147
70
40
74
81
61
52
73
138
161
26
117
87
168
181
89
157
84
48
107
78
46
36
158
80
75
58
27
267
63
127
11
68
160
108
63
111
87
157
20
123
92
111
90
99
135
66
76
71
133
84
42
57
43
116
52
52
56
57
82
48
102
52
177
47
191
234
18
79
27
67
136
56
93
99
98
21
152
100
39
142
65
123
235
208
68
55
58
153
114
20
82
72
45
51
137
114
84
148
139
57
161
77
88
89
51
163
34
116
51
32
218
177
89
102
83
176
216
89
138
5
137
181
147
119
130
54
64
121
53
49
118
59
87
122
58
178
97
40
192
149
175
108
30
40
37
50
81
74
133
127
63
180
49
45
152
50
106
131
159
175
119
104
41
17
71
80
82
183
201
30
111
78
119
157
50
77
149
87
116
145
156
94
92
24
61
69
84
147
130
124
71
182
158
79
159
47
188
171
84
64
94
80
192
64
16
86
95
227
34
29
231
212
52
80
33
103
91
26
94
60
103
146
93
27
62
82
158
115
76
59
133
161
156
140
71
109
17
149
178
149
68
71
25
45
45
139
152
206
132
228
90
62
56
100
83
157
186
134
66
152
71
142
35
155
67
97
60
206
191
146
119
78
40
69
62
203
100
71
95
16
42
48
56
207
235
113
90
101
51
138
153
227
100
105
10
32
72
196
72
88
98
75
121
137
76
172
106
142
192
19
208
45
141
153
61
102
135
68
214
82
139
144
123
59
76
85
56
95
58
62
117
168
65
198
73
225
73
122
36
151
89
86
160
168
52
153
45
65
178
88
159
212
113
125
208
148
121
118
112
111
82
114
38
56
76
36
29
51
44
128
146
137
214
173
224
61
53
77
36
89
88
176
45
160
30
40
63
137
109
172
43
46
246
85
96
87
137
102
46
98
27
93
225
118
40
48
73
52
14
86
86
165
104
138
75
45
69
68
28
97
92
24
85
89
116
69
59
31
102
22
64
205
108
168
164
16
63
100
99
69
101
90
36
137
86
131
119
39
93
180
110
86
130
122
193
128
16
24
71
29
172
102
40
137
113
117
53
25
151
31
195
34
76
17
105
53
99
85
84
108
119
168
208
33
144
208
214
75
134
37
37
60
55
75
105
80
103
127
136
72
85
54
101
154
141
60
98
218
29
93
122
70
185
181
74
108
60
100
144
56
61
240
70
61
30
153
22
41
88
196
133
18
67
105
50
221
94
44
119
65
211
199
103
196
174
160
64
29
176
133
87
128
95
67
75
154
173
28
97
52
157
73
71
122
184
104
137
133
65
81
126
24
86
186
112
53
237
42
167
107
91
140
115
123
172
88
114
14
139
100
101
82
166
123
183
81
128
140
139
193
144
133
48
112
88
152
81
163
150
143
151
163
231
79
103
198
81
128
67
235
82
125
39
105
131
139
94
157
74
91
43
63
34
94
92
65
47
124
41
236
129
132
112
91
93
38
202
66
111
103
85
62
23
93
32
26
151
128
93
74
103
97
62
50
121
148
204
100
113
148
133
129
85
40
132
113
120
63
146
157
148
82
132
22
33
197
94
109
224
130
118
124
51
37
196
38
108
83
153
95
204
168
94
109
148
34
34
184
108
100
210
149
125
156
46
126
152
105
121
74
84
123
222
195
235
71
14
132
31
74
101
201
91
60
90
133
42
176
63
56
73
65
51
98
38
98
47
49
59
36
95
82
114
70
103
64
11
119
161
43
114
64
131
97
66
169
159
73
74
92
103
117
186
11
137
68
73
91
100
195
95
21
169
96
206
69
91
36
40
39
82
108
167
36
28
109
40
106
89
123
150
43
36
72
183
64
198
42
143
159
206
86
148
85
134
127
122
30
150
97
59
67
78
159
63
48
37
132
98
67
100
56
43
58
94
107
29
58
153
54
108
80
94
99
136
58
108
17
153
33
113
201
67
77
155
146
214
130
177
95
38
52
89
27
231
183
81
57
71
171
61
33
131
71
135
154
10
195
63
87
120
167
144
181
152
105
166
18
89
119
69
86
128
153
84
181
122
107
180
70
201
95
38
64
156
120
87
116
55
162
230
57
92
196
35
89
50
87
103
117
113
173
113
20
118
62
85
121
188
84
135
248
170
31
53
107
51
99
30
96
53
83
213
51
66
85
168
92
57
172
113
183
79
146
164
256
154
60
47
142
76
80
140
162
61
77
37
82
85
157
159
154
171
115
197
113
67
136
19
101
138
91
88
126
139
139
44
223
12
148
114
89
209
174
210
111
91
32
199
52
84
23
45
22
86
123
31
68
82
105
173
60
112
150
85
81
118
41
60
68
54
75
44
43
162
89
174
123
55
17
39
118
29
195
28
112
54
172
81
93
84
124
161
13
227
44
45
150
75
146
58
199
147
15
113
161
112
94
111
91
113
73
244
20
156
124
147
183
63
71
111
23
83
199
46
142
111
78
132
98
99
66
97
61
112
84
185
39
121
118
141
107
137
126
103
75
78
112
76
96
144
81
40
151
100
39
63
147
119
115
121
158
106
80
35
121
75
106
134
76
21
107
116
190
113
85
141
48
110
58
44
69
60
48
136
101
184
134
55
60
58
193
85
120
30
59
69
182
21
34
112
83
44
62
70
26
60
59
174
118
92
167
50
57
138
133
54
42
178
80
220
184
98
55
36
108
74
106
80
77
36
65
80
178
100
76
121
113
179
18
50
74
30
39
35
132
159
83
86
149
112
106
62
25
184
24
98
185
112
51
100
139
138
42
49
187
95
85
64
90
176
210
51
86
114
164
20
74
30
114
78
109
113
160
74
112
86
53
39
80
105
159
96
96
275
93
96
52
53
83
77
184
27
123
104
44
86
187
77
95
133
160
120
184
175
103
30
149
68
23
215
71
113
75
93
59
111
112
141
36
154
133
228
19
103
52
100
236
117
86
100
33
134
94
149
20
32
209
84
170
23
170
105
162
44
159
156
134
113
62
95
180
87
70
173
92
147
117
107
72
111
144
52
22
104
115
157
73
133
101
128
24
29
102
116
92
37
153
60
118
62
75
257
154
98
139
152
108
45
83
160
142
106
183
55
45
81
107
131
103
62
120
56
40
141
117
224
26
41
113
78
70
171
115
90
171
88
78
99
222
167
102
80
65
93
80
8
129
194
184
92
137
152
40
64
77
98
24
90
55
93
159
22
122
100
157
123
60
47
151
45
80
75
191
143
45
102
52
85
32
50
87
151
131
187
18
72
87
146
65
83
166
79
219
60
79
60
56
39
86
112
107
83
22
215
179
56
67
147
121
97
134
220
165
95
84
104
66
176
31
89
57
122
20
132
74
229
29
243
198
47
59
48
132
89
84
103
81
208
121
119
66
32
120
107
180
53
143
114
142
81
159
73
28
129
228
95
77
101
107
157
14
96
35
20
170
50
20
73
181
81
39
104
137
171
76
77
158
132
91
101
108
51
48
156
76
76
108
141
92
170
70
63
84
41
17
136
111
121
77
103
157
97
203
151
243
114
110
136
60
62
195
116
30
48
211
64
33
147
71
59
157
16
61
201
137
114
104
56
44
80
78
61
47
149
63
55
31
155
156
85
126
103
134
122
55
121
73
42
199
142
165
198
19
66
138
132
248
6
143
44
66
117
23
138
97
64
85
52
109
70
89
60
51
158
25
135
56
103
96
40
27
129
65
87
93
82
130
114
134
154
52
61
42
72
90
69
64
157
20
54
156
112
148
64
198
48
60
90
107
160
84
42
45
46
42
200
106
174
102
96
137
59
63
133
21
95
79
75
108
135
103
130
94
185
68
106
91
200
192
69
226
134
96
144
97
62
162
64
129
67
157
78
144
31
184
25
114
240
82
111
60
9
54
64
80
97
88
120
43
44
125
217
82
42
66
102
80
103
77
44
27
12
107
122
28
106
115
53
18
64
73
83
184
234
180
62
146
38
102
85
132
117
21
41
89
130
138
75
94
86
75
65
121
20
54
95
148
76
119
78
80
23
180
72
117
46
200
72
112
81
27
89
68
100
90
121
103
73
31
100
44
186
16
100
238
201
133
18
108
34
140
86
60
110
141
65
39
74
55
27
61
47
49
62
152
126
118
168
35
123
103
29
144
97
70
142
40
103
110
78
122
56
50
57
138
196
121
83
105
18
75
142
90
119
80
157
40
84
109
122
59
122
121
167
59
63
101
116
116
57
13
45
120
121
60
22
184
58
128
58
62
125
81
65
187
113
21
58
104
140
178
21
73
30
62
166
59
153
42
217
59
74
148
123
92
138
33
