123 444
199 781
28 475
784 441
664 151
351 408
97 788
491 344
136 462
698 391
361 657
386 652
629 592
462 598
747 222
573 230
180 192
448 636
189 90
137 449
531 726
221 400
38 435
486 341
60 732
165 667
302 678
721 225
675 309
28 363
479 695
280 414
120 794
759 737
505 677
102 122
707 498
148 525
634 302
119 759
775 653
160 176
712 90
512 230
779 473
332 206
760 510
645 730
705 652
21 23
60 55
749 162
205 168
314 190
772 68
279 122
678 105
64 108
158 200
226 620
519 399
49 509
325 623
95 99
144 137
783 45
511 22
483 584
86 637
457 795
590 608
699 84
257 563
221 667
521 627
225 600
535 661
245 26
161 430
591 149
70 24
230 380
165 599
388 80
776 782
719 160
192 679
683 560
610 269
527 155
590 436
785 490
547 660
45 392
76 323
128 633
770 362
597 240
702 490
661 211
170 573
583 432
756 474
106 237
556 682
705 519
374 265
287 131
98 116
701 603
637 295
480 529
67 682
376 563
47 570
63 566
185 411
425 342
244 360
164 151
113 156
370 465
700 477
744 739
154 526
653 71
377 698
534 477
142 191
148 343
217 278
97 387
371 259
758 234
258 413
216 780
330 378
345 590
61 275
179 93
21 499
394 388
221 189
374 343
327 589
272 529
679 503
544 537
343 564
478 493
538 44
650 322
409 349
170 102
705 787
395 20
357 112
192 753
765 562
599 563
466 84
35 502
24 690
791 281
463 183
107 349
547 460
385 687
221 531
726 201
612 500
463 591
159 147
607 429
549 124
507 157
348 502
439 24
584 202
612 133
561 746
57 507
162 564
474 679
458 223
548 699
638 409
224 99
284 680
688 241
509 663
271 248
602 185
224 625
543 499
5 374
52 763
637 40
612 1
186 705
730 561
764 699
397 382
691 96
210 199
689 340
101 195
396 618
16 221
204 219
234 198
442 64
272 772
264 385
622 228
411 589
513 171
685 143
369 246
558 314
605 313
29 245
287 187
200 569
457 554
298 583
174 539
39 169
271 486
745 437
257 315
404 257
86 156
579 796
118 336
616 538
134 259
498 489
618 713
102 730
773 41
284 62
11 102
731 126
364 626
316 275
525 758
281 686
115 351
129 484
551 8
667 513
583 510
353 750
737 262
793 93
258 682
212 302
699 177
675 621
665 563
684 225
754 165
323 458
567 743
274 612
85 63
227 630
724 249
412 575
17 71
172 280
618 248
294 328
761 659
698 186
592 571
672 118
4 61
698 305
242 787
636 692
614 672
203 756
371 88
507 391
414 471
637 562
0 260
335 398
393 754
136 339
482 79
634 116
225 346
537 666
534 699
620 374
111 489
86 514
125 194
759 454
717 532
589 661
394 302
706 34
152 154
392 42
84 409
473 231
727 195
652 14
241 291
266 350
539 610
111 425
755 419
686 367
305 667
93 753
642 39
559 739
648 313
501 523
33 642
217 739
788 319
22 488
438 241
371 205
655 355
261 7
361 3
453 188
722 564
566 258
762 306
408 659
23 432
547 83
675 599
28 161
397 526
328 257
86 773
625 751
554 504
370 427
561 164
355 696
95 626
387 524
502 478
772 797
415 480
728 36
262 655
37 108
447 613
346 319
381 432
190 317
716 129
159 490
304 245
36 116
259 422
657 294
298 256
445 548
523 12
688 319
406 124
10 277
503 640
88 428
434 614
586 61
344 471
588 97
142 114
67 72
740 602
145 380
532 543
654 214
773 53
490 669
675 61
781 235
300 519
363 302
772 136
753 346
675 768
562 37
358 297
449 276
384 369
468 2
177 332
46 105
130 257
0 363
103 206
130 191
47 154
118 257
185 282
16 41
113 351
177 284
33 123
135 157
58 128
248 308
19 131
54 355
179 293
7 285
359 398
0 116
13 358
69 253
55 107
94 138
174 292
31 289
320 377
213 313
22 315
126 244
214 261
16 142
227 341
0 8
31 136
175 184
92 185
81 213
236 300
24 324
161 299
245 396
37 124
83 372
281 303
62 148
87 302
174 179
257 361
0 298
227 357
165 291
284 332
40 109
36 146
63 266
136 141
43 328
36 102
218 231
199 239
93 338
121 360
92 282
109 200
147 159
194 323
164 184
268 310
203 305
158 200
118 230
1 135
4 258
8 37
17 376
167 337
230 313
114 161
57 357
238 321
130 271
47 394
181 298
127 166
214 272
83 292
25 68
288 373
5 360
85 310
7 397
269 342
113 144
21 294
88 220
183 374
345 394
169 275
115 324
34 183
53 191
102 105
36 122
40 48
146 170
41 58
143 396
143 359
207 215
86 325
197 198
76 303
197 305
181 327
10 26
45 53
26 356
5 378
56 217
94 129
69 246
40 274
180 233
40 382
124 182
265 356
122 251
87 340
12 70
42 355
119 128
4 79
31 81
28 322
39 239
110 371
200 260
53 329
299 327
132 364
313 366
129 165
46 98
25 199
24 344
318 349
98 302
259 260
94 373
125 379
33 274
64 139
149 224
200 340
65 355
173 186
38 272
27 310
34 185
9 186
76 374
128 236
296 387
76 387
70 282
14 27
36 46
26 62
26 349
190 295
123 274
151 317
23 285
140 161
44 316
339 377
220 322
132 245
272 367
31 118
106 391
20 246
27 99
80 381
28 279
129 131
75 193
13 369
312 368
97 272
56 277
3 44
256 356
28 367
135 199
2 299
57 63
152 359
245 343
101 186
27 261
179 192
22 161
23 202
130 209
141 143
41 209
89 348
164 333
161 298
38 110
259 274
347 398
118 213
117 398
51 258
94 288
3 96
256 280
125 197
97 385
191 209
251 260
137 244
156 372
107 156
114 327
21 366
18 139
5 202
218 245
119 300
245 273
200 382
244 318
93 131
131 291
194 237
26 126
318 356
42 203
95 182
88 322
152 304
121 354
119 153
126 167
22 140
43 216
271 312
44 229
32 344
34 92
37 226
314 374
114 115
112 344
98 229
188 356
111 369
103 138
53 222
223 226
42 125
246 321
270 381
63 365
104 281
66 395
180 345
10 207
89 216
189 310
38 219
48 259
3 229
199 280
24 32
131 383
27 254
52 187
34 74
62 225
156 284
248 315
341 365
76 314
67 74
75 267
180 264
143 152
19 249
391 396
168 226
64 306
193 223
213 294
144 265
323 352
67 224
286 351
194 346
262 392
85 362
6 32
255 386
117 152
81 230
39 196
137 144
13 224
87 146
54 386
15 178
110 367
57 242
68 115
270 278
42 65
215 342
326 336
33 394
249 299
38 367
114 299
139 153
183 296
211 372
160 372
127 149
57 232
28 38
127 346
45 132
184 397
237 384
298 363
140 299
351 369
268 336
14 169
72 144
152 391
12 276
64 172
81 366
124 249
391 398
176 378
32 239
199 283
99 189
143 391
97 335
186 205
55 156
24 239
279 371
203 362
105 122
10 137
151 297
85 258
284 307
30 387
151 322
70 92
21 134
296 321
26 265
68 162
192 214
231 396
22 327
170 252
90 297
218 368
66 399
264 345
263 390
178 214
39 283
108 380
247 318
73 75
22 338
32 39
94 248
250 339
75 225
119 380
238 303
11 207
85 392
143 398
2 161
17 374
181 299
304 391
43 175
24 112
222 364
42 388
143 289
337 349
36 200
54 240
14 133
88 335
249 315
66 177
72 265
85 275
133 262
49 266
75 223
92 104
50 357
85 169
207 358
42 54
130 312
358 374
14 163
305 320
258 261
336 393
72 145
118 361
75 168
140 327
228 390
66 250
292 372
73 193
149 286
225 265
12 287
128 306
292 399
66 377
353 394
20 104
155 211
41 128
286 347
51 262
5 141
211 284
36 98
67 384
101 166
132 304
170 235
28 205
271 361
145 390
347 378
273 359
47 238
128 172
79 348
204 209
103 236
211 370
67 323
228 263
155 399
82 100
133 389
4 85
295 303
68 114
73 188
75 356
146 302
66 370
38 322
208 227
165 308
87 259
65 386
168 182
143 202
112 324
68 95
64 120
85 262
50 381
187 331
146 260
94 234
8 363
157 325
59 75
13 376
279 317
5 121
28 110
85 243
71 217
217 293
195 308
152 202
132 359
214 385
112 162
112 319
108 266
223 267
364 368
160 307
35 380
122 302
147 384
164 372
200 302
15 79
73 256
224 323
74 387
26 188
174 377
258 275
50 365
89 339
31 134
261 310
36 302
57 270
2 327
252 384
175 216
13 215
53 55
186 317
136 202
302 334
116 134
96 316
194 352
199 267
147 323
106 245
297 330
177 399
138 288
154 394
58 300
97 110
362 392
171 269
216 348
90 170
11 349
179 348
329 343
151 330
113 176
82 267
79 293
191 222
49 80
103 128
8 124
215 244
117 141
240 305
294 312
28 330
251 287
225 390
59 256
188 265
93 195
297 317
256 318
84 201
136 289
140 181
39 157
61 161
343 364
203 388
157 212
104 264
180 296
32 319
279 393
17 358
176 351
159 384
115 350
136 398
374 387
139 380
321 345
27 189
4 56
286 342
58 172
33 201
14 51
97 192
317 393
138 373
61 298
125 293
170 173
136 347
185 303
59 72
178 216
208 341
263 347
83 307
218 304
147 346
40 123
113 207
66 211
128 206
307 372
115 299
20 321
58 119
295 374
118 312
38 220
161 327
22 93
18 172
201 353
110 220
37 298
52 55
304 359
91 158
305 386
119 139
190 314
298 315
19 78
34 76
179 379
92 374
17 183
18 380
42 71
270 365
33 84
112 239
262 310
44 301
8 315
45 329
73 199
305 355
243 392
328 397
342 369
328 333
3 301
89 333
57 365
90 127
77 139
171 369
175 348
176 342
184 216
106 231
16 300
4 385
150 395
72 193
157 283
81 118
6 239
17 387
167 290
167 349
79 179
207 337
176 390
12 109
205 317
49 270
271 291
347 360
309 333
136 313
43 164
11 376
60 166
22 181
206 341
258 385
32 135
79 89
130 294
269 351
71 305
173 297
52 306
49 50
186 330
25 86
27 133
36 251
183 387
17 67
218 391
105 302
174 348
59 223
123 394
342 354
167 207
118 366
93 165
208 288
128 300
57 341
200 334
141 152
108 381
161 181
12 87
73 247
35 306
66 339
258 362
9 205
32 157
257 312
254 389
377 395
13 171
111 323
90 252
150 379
359 396
52 204
284 372
2 22
149 369
312 313
53 107
169 310
129 291
117 391
139 172
178 335
16 210
125 198
10 244
346 384
136 359
50 242
124 363
62 265
255 392
29 131
163 254
66 150
94 165
87 109
51 169
27 169
115 140
62 356
26 256
276 287
239 344
193 267
87 200
87 105
37 182
29 338
208 221
155 307
57 381
104 321
71 243
71 203
257 271
1 212
42 240
59 193
113 269
111 224
49 278
71 386
1 280
1 283
30 190
0 249
166 237
10 62
245 359
304 396
12 340
102 316
106 328
31 263
58 210
308 383
82 193
13 374
102 229
80 266
203 217
18 64
357 381
67 171
5 263
95 100
245 368
105 251
160 211
195 338
264 321
25 82
78 383
41 119
148 390
145 168
44 46
4 99
100 182
177 307
337 376
51 275
258 310
35 108
238 345
103 221
229 316
230 245
242 365
249 363
59 82
115 161
317 330
59 356
198 377
16 306
229 301
216 309
35 266
104 282
118 134
277 362
220 297
24 196
143 304
7 23
286 354
202 360
59 100
163 389
21 78
87 260
101 173
89 174
254 326
265 267
243 262
210 222
113 137
245 364
74 92
120 300
72 223
75 265
378 390
39 344
191 210
111 384
133 336
292 370
98 301
98 105
12 159
130 361
351 378
176 263
355 386
272 385
233 394
295 296
306 380
24 162
221 341
199 256
40 158
33 353
144 145
315 375
165 234
151 205
322 367
305 311
22 195
132 391
290 337
88 214
46 302
106 396
53 364
51 362
133 326
48 123
212 253
343 396
98 251
113 342
198 370
190 387
161 338
30 374
173 252
212 247
110 322
174 216
217 275
256 265
35 64
57 108
120 206
150 377
21 81
104 185
130 230
340 382
35 381
132 218
182 226
2 61
96 229
320 388
90 166
45 343
171 358
41 306
10 167
88 151
13 207
80 278
231 309
73 265
82 95
81 361
301 316
109 340
11 167
45 368
324 350
59 265
240 386
73 86
9 330
58 209
120 128
80 270
214 335
250 370
274 382
287 340
355 388
159 260
169 268
6 24
217 243
151 220
177 292
70 303
64 119
9 317
53 343
160 292
105 146
88 272
138 234
109 260
185 295
184 333
197 395
71 125
248 291
47 264
154 201
89 175
47 281
167 253
217 362
149 323
157 319
165 248
127 323
47 282
29 94
212 325
148 351
29 308
114 350
238 281
74 76
16 128
145 225
178 348
166 352
232 341
12 259
40 201
236 271
79 339
149 354
90 186
234 248
235 276
36 105
38 371
261 268
218 364
49 381
343 391
96 326
65 305
6 196
157 280
198 250
21 116
127 352
235 251
308 338
360 398
203 277
219 220
6 39
171 376
90 101
42 305
76 183
334 382
35 232
215 369
14 262
211 399
14 268
70 159
34 295
309 397
101 285
129 248
316 393
150 339
104 190
51 85
149 166
34 296
110 272
148 225
23 117
178 272
68 350
137 207
5 136
24 319
240 355
41 300
97 178
293 377
197 379
279 367
62 137
138 221
204 210
135 325
203 293
8 298
64 128
37 299
5 347
370 399
112 350
218 329
146 251
237 323
50 270
184 231
106 132
245 391
100 226
77 331
213 230
298 375
148 176
87 334
67 358
322 371
126 290
140 338
131 375
71 355
133 310
308 315
289 347
237 352
8 375
351 354
121 378
44 102
289 360
174 379
35 172
339 370
280 325
30 34
26 318
370 377
8 249
76 296
108 232
67 111
106 359
163 336
41 172
15 43
169 389
83 211
69 290
268 389
1 39
169 262
79 174
9 96
0 131
171 215
50 266
50 80
56 362
1 325
6 344
261 385
360 378
77 187
125 203
22 375
42 217
233 264
84 394
323 369
117 397
162 319
30 183
43 184
59 86
102 301
142 210
166 194
259 340
17 171
106 218
83 284
105 158
127 384
283 325
277 388
244 337
20 34
120 380
99 192
61 181
81 294
121 176
311 355
219 335
93 375
185 190
170 346
153 380
81 134
254 336
99 258
3 102
36 44
101 170
153 306
15 214
191 230
15 192
191 368
87 287
228 366
158 334
153 187
10 337
108 120
126 253
243 258
125 388
109 158
256 325
182 223
2 181
202 398
242 278
191 364
68 112
74 374
253 349
281 282
45 107
33 154
86 157
326 393
79 178
62 144
48 281
138 208
264 296
86 193
78 249
62 188
133 163
76 185
156 307
338 375
238 394
60 101
31 213
198 311
83 156
269 376
101 127
72 225
42 255
343 359
159 170
275 310
82 223
92 295
123 353
92 190
97 214
103 300
291 383
11 62
206 300
151 367
243 362
52 209
113 244
172 306
76 92
226 363
67 376
55 77
85 217
20 296
3 46
89 164
257 294
172 300
279 322
266 270
263 360
341 357
243 255
71 320
300 306
379 395
215 376
188 318
20 295
78 315
121 286
18 153
159 276
104 303
114 181
73 267
19 308
34 104
82 182
279 336
205 367
58 236
113 148
72 390
148 244
311 320
152 398
50 63
27 275
269 358
239 319
6 157
183 190
339 379
222 368
34 374
51 310
16 204
3 91
348 379
109 382
260 340
273 312
120 172
13 269
114 324
75 100
79 192
119 187
145 148
54 255
59 73
123 201
323 384
312 361
215 358
31 228
37 363
64 108
110 279
124 298
190 374
92 314
7 117
100 168
88 367
162 324
120 306
93 308
84 154
201 274
100 124
77 241
166 252
370 395
175 309
17 337
234 291
212 280
276 314
247 356
1 32
217 277
135 212
206 227
14 389
124 299
294 361
186 297
7 219
58 103
330 371
18 187
158 382
202 347
278 365
44 91
150 370
267 356
111 171
81 116
64 153
270 357
139 187
272 335
36 87
98 122
98 146
14 310
71 388
273 313
86 95
0 375
109 302
58 204
171 374
83 332
201 382
96 336
158 302
231 328
62 318
27 258
191 245
105 200
309 328
170 287
94 131
197 320
33 40
35 63
235 287
185 321
254 268
111 149
74 314
8 19
46 334
52 119
86 283
75 82
30 69
305 388
91 102
215 269
4 293
35 57
273 396
142 209
117 304
10 126
148 342
109 274
118 294
278 357
289 398
8 78
64 232
218 396
3 316
131 315
218 343
136 273
304 398
134 213
150 174
24 39
2 338
48 109
88 110
28 371
58 206
295 314
147 276
292 339
155 160
58 306
189 261
16 52
83 160
154 353
99 214
63 120
153 172
112 196
194 384
46 200
230 312
311 388
63 380
205 393
259 382
68 324
23 60
19 116
137 148
237 346
144 148
247 256
51 392
221 227
105 334
134 313
30 296
231 397
290 349
16 58
31 313
34 387
104 180
125 320
29 373
28 317
83 177
202 289
215 224
209 210
238 264
198 395
249 298
154 345
138 236
32 196
113 215
131 248
56 243
107 222
125 377
76 190
156 241
99 261
75 182
50 57
263 289
20 264
252 276
0 19
162 196
1 157
84 123
212 283
213 366
90 173
15 348
48 274
180 246
235 260
164 216
242 381
261 275
133 268
61 140
205 279
166 173
281 394
233 246
168 228
197 311
61 327
207 269
155 284
342 351
230 361
56 203
159 235
224 369
57 227
29 93
221 373
71 362
56 125
55 241
291 361
121 347
220 330
46 158
235 346
104 296
169 189
25 73
41 204
21 118
132 343
17 207
142 222
257 313
39 319
108 357
48 201
110 151
150 250
13 67
93 315
307 332
70 314
357 365
327 338
22 29
178 192
106 329
185 296
65 240
308 375
9 229
116 383
127 147
65 255
220 367
192 385
111 147
118 273
15 97
242 341
27 389
111 237
207 244
217 258
105 260
70 276
241 331
119 172
135 283
160 177
74 295
193 265
304 397
21 213
35 120
246 264
99 272
164 175
57 266
64 300
129 271
184 309
83 155
0 315
337 358
189 385
125 277
275 385
81 313
281 345
1 199
144 225
16 119
358 376
122 146
0 308
124 223
131 234
230 294
354 360
55 222
47 180
196 239
155 332
10 11
76 295
19 375
13 17
34 190
107 210
5 289
56 388
4 179
141 347
41 64
133 169
48 334
254 279
230 257
259 287
231 329
10 318
121 263
8 116
0 383
365 381
190 296
43 335
19 315
54 65
131 308
60 127
61 299
20 185
76 104
286 360
63 232
141 398
159 287
168 223
5 398
234 361
185 246
162 239
209 271
319 344
250 377
221 288
242 357
0 78
132 329
137 215
124 226
149 352
205 322
125 311
359 391
134 366
256 267
235 252
47 345
346 352
42 56
56 71
51 243
265 318
122 301
293 379
177 211
141 289
280 283
119 120
129 234
22 61
184 328
58 142
45 218
231 304
122 229
227 232
224 358
43 309
159 252
269 369
170 194
78 116
67 369
246 296
63 381
27 268
26 247
170 251
89 178
100 223
4 362
91 301
150 399
4 203
21 31
172 380
189 254
241 284
144 244
262 362
38 330
231 391
123 154
88 97
250 395
101 297
66 160
126 349
216 333
74 190
111 352
166 285
52 172
28 151
298 299
38 151
129 383
85 277
118 313
121 342
78 363
31 366
25 95
53 156
164 309
29 195
67 374
109 334
4 275
141 202
132 328
151 371
18 77
251 302
103 271
59 267
9 316
43 333
46 301
180 185
55 187
160 339
339 395
63 357
45 222
127 252
187 241
166 346
15 272
120 232
15 335
253 290
73 325
107 241
242 270
42 243
106 304
232 300
63 108
92 296
198 320
46 102
92 303
127 237
60 285
26 253
86 199
87 251
37 223
295 387
315 383
323 346
46 91
115 181
22 308
330 367
70 287
41 142
86 267
205 330
169 254
11 337
50 278
165 383
126 337
263 378
42 277
52 210
169 258
37 100
42 362
174 175
17 215
155 177
189 367
149 237
15 88
268 279
82 226
206 208
106 343
185 264
11 244
224 269
260 302
54 392
260 287
84 353
19 298
215 351
17 167
333 372
14 254
4 277
25 193
233 345
73 356
227 288
191 312
45 364
66 292
88 219
53 368
41 120
193 356
7 152
149 194
277 293
62 244
208 373
367 371
16 209
136 143
207 376
150 292
129 361
141 360
147 194
240 255
10 349
206 236
347 354
282 303
157 199
5 143
82 350
266 381
41 206
41 52
145 228
191 343
7 60
137 225
199 325
189 275
213 273
99 385
142 204
107 187
211 292
205 371
174 339
285 352
248 383
226 249
21 313
98 102
19 363
188 247
91 229
38 88
249 375
227 365
72 168
189 268
117 202
102 122
260 334
16 172
23 397
95 350
117 143
4 217
48 340
121 351
23 219
251 334
233 321
104 295
234 383
42 386
9 393
238 282
196 344
56 293
168 363
109 259
12 235
37 249
132 396
193 256
99 275
196 319
48 382
6 319
87 235
20 69
2 140
132 231
177 370
192 348
124 168
12 260
19 383
197 377
322 330
377 379
61 115
179 277
171 224
20 180
175 333
72 75
52 142
11 126
163 326
71 277
188 256
94 291
334 340
23 152
61 114
194 252
135 280
151 279
127 194
164 328
106 397
131 165
180 321
331 332
317 371
133 254
230 273
11 17
119 204
206 232
86 256
167 244
96 393
247 265
18 331
294 313
169 261
79 379
95 112
195 373
326 389
197 388
64 380
252 346
243 277
147 252
203 243
211 307
119 306
343 368
162
148
71
63
88
117
136
70
213
45
43
173
31
53
20
109
96
107
33
134
168
209
44
213
22
72
113
84
136
79
182
207
156
58
27
42
90
148
44
74
174
266
148
48
10
95
166
160
98
165
68
75
65
74
139
221
75
65
109
162
138
97
169
98
68
70
92
145
67
72
82
75
60
85
36
111
77
72
91
108
80
52
109
109
98
170
44
48
269
221
26
68
78
138
72
101
160
121
120
58
44
207
82
169
158
47
121
99
54
144
59
55
193
132
125
185
104
157
60
133
87
112
213
82
38
86
162
111
84
110
107
66
150
49
149
117
37
64
89
124
91
120
89
140
120
174
114
104
111
56
109
149
202
81
124
90
102
113
40
91
53
53
68
97
195
78
51
184
46
140
86
132
48
99
118
123
32
171
53
48
132
180
155
114
52
149
143
69
190
56
89
200
54
33
70
33
36
212
82
68
91
59
68
45
75
77
241
130
110
135
52
30
151
22
274
168
53
93
112
242
131
255
95
110
80
142
107
75
78
130
130
22
130
141
104
67
55
78
57
112
58
216
119
59
83
94
49
48
49
27
194
122
132
93
97
63
66
86
35
129
167
55
106
151
47
75
83
76
63
120
136
104
143
87
46
128
93
66
92
259
183
51
102
194
153
92
57
100
48
61
169
81
13
66
37
10
106
22
67
93
172
114
110
80
23
41
39
28
72
22
128
135
22
118
117
25
83
20
146
167
41
238
156
58
250
151
44
164
26
155
180
79
143
73
74
86
175
146
156
57
143
85
102
60
135
116
79
25
88
60
155
47
166
106
96
118
57
147
111
53
28
52
112
181
102
26
53
59
9
69
113
53
114
139
79
87
75
81
203
152
49
110
107
82
94
55
80
139
33
46
89
165
179
110
149
53
116
64
81
104
38
93
137
58
173
92
149
74
164
27
22
71
104
104
139
53
111
211
66
72
72
75
91
188
62
149
94
112
131
69
43
107
136
31
61
91
248
50
100
87
63
112
164
105
223
109
192
47
94
8
131
182
26
96
77
131
68
44
86
48
111
79
60
93
54
36
77
248
157
176
189
34
62
117
122
170
132
124
57
35
43
65
156
73
28
168
103
71
63
72
82
53
226
80
65
63
65
59
33
173
92
85
98
137
67
136
43
175
95
83
103
124
147
32
222
116
102
21
155
37
222
83
129
64
45
117
9
79
117
35
77
56
141
19
138
36
130
173
117
168
63
131
154
78
146
110
152
78
58
99
87
86
184
167
151
75
199
106
111
188
80
134
180
158
145
66
66
118
151
78
184
137
130
101
175
120
201
67
95
79
207
55
80
126
38
76
61
184
112
90
123
102
42
50
196
134
123
68
127
111
53
105
107
63
51
141
117
207
145
89
139
208
106
96
128
183
98
117
87
152
62
147
163
175
60
230
92
62
125
91
118
72
45
126
177
116
60
66
182
149
152
83
94
164
101
73
72
81
73
61
120
38
108
136
149
52
65
96
80
143
52
89
69
107
155
69
219
45
104
276
81
158
123
180
80
161
94
29
146
12
54
81
115
144
76
78
79
81
79
69
51
74
16
63
75
95
86
141
148
240
77
279
169
95
139
113
158
90
116
85
84
95
53
40
164
66
49
42
144
97
100
113
68
179
103
26
163
25
64
81
25
102
72
151
76
106
135
169
36
96
62
18
60
198
122
57
71
134
77
136
94
119
12
18
192
141
116
123
212
57
121
123
110
68
131
62
158
168
102
75
80
85
69
235
92
126
95
108
16
101
106
103
124
78
31
66
153
107
17
79
209
84
11
113
72
81
82
126
65
77
55
117
83
117
86
121
113
118
135
116
164
173
100
40
103
131
167
93
48
96
143
55
48
57
124
24
152
83
68
137
138
75
75
16
88
113
65
71
10
117
129
63
85
40
47
176
104
70
137
89
86
40
149
86
137
71
60
118
84
82
10
14
134
134
127
166
18
33
68
176
141
45
153
111
48
118
76
141
136
109
100
99
115
106
160
185
56
51
66
101
64
73
135
116
59
50
118
244
88
217
134
83
32
44
81
57
127
183
74
201
49
62
62
118
135
182
131
142
60
101
46
176
31
157
164
129
227
58
177
82
136
98
104
50
92
31
51
112
128
77
30
51
81
140
61
70
63
74
45
112
146
114
126
164
213
114
184
49
57
82
101
178
98
24
72
114
56
98
97
145
70
142
90
153
110
66
68
92
124
194
111
25
42
78
20
38
63
225
91
90
79
145
117
31
123
297
56
54
132
40
108
219
22
137
142
139
137
177
129
185
40
40
97
171
119
79
84
114
52
109
207
151
143
24
92
25
136
51
152
147
168
110
113
62
113
87
98
82
164
141
100
66
48
61
74
9
161
176
73
83
119
156
139
36
113
68
113
140
73
218
70
74
53
209
106
63
113
170
143
18
86
61
89
52
48
68
169
159
48
55
65
55
62
132
41
136
112
28
150
182
95
19
97
70
138
20
74
60
39
93
142
89
81
47
63
105
184
94
57
73
34
97
30
146
79
66
57
62
118
177
160
145
42
20
225
56
80
98
154
106
82
68
133
140
79
83
172
212
102
71
191
142
127
48
80
123
60
57
84
158
86
93
115
79
77
229
125
155
225
19
60
127
44
38
79
31
73
51
25
91
174
39
129
122
122
147
99
17
40
91
103
159
116
73
77
81
92
56
62
66
192
197
122
49
184
136
71
90
144
48
122
87
60
152
162
26
87
78
68
72
46
73
47
119
56
69
76
243
170
86
122
108
57
181
162
88
100
80
192
144
113
143
98
227
187
92
95
112
115
146
101
226
129
179
45
99
31
89
94
31
97
63
176
68
29
32
118
120
23
18
52
155
288
88
77
77
88
63
69
133
159
86
102
160
84
49
162
42
37
67
92
66
45
24
44
170
57
126
101
103
98
78
160
57
161
178
54
65
131
88
84
32
303
40
76
202
63
48
38
143
191
93
69
153
131
119
165
88
82
82
205
94
68
60
41
130
80
147
60
66
120
73
33
128
93
131
93
109
57
125
112
85
63
149
113
82
118
88
50
90
110
97
105
52
147
95
83
134
77
54
219
91
61
88
141
69
109
51
66
52
90
104
83
104
59
72
68
23
66
43
46
54
223
83
91
92
156
192
192
132
164
62
90
113
82
145
96
189
181
12
114
42
71
107
44
46
59
38
172
126
221
64
281
117
33
38
77
117
197
82
112
46
122
193
70
104
156
121
68
97
86
40
115
178
120
53
144
123
86
120
50
39
67
85
62
132
130
129
28
58
176
76
129
93
115
140
129
75
85
52
92
104
78
159
75
83
41
91
78
27
99
122
107
172
156
112
116
36
88
40
84
93
171
111
77
65
130
64
159
114
53
220
139
78
58
64
168
57
173
47
114
45
106
126
97
71
135
26
146
47
160
174
76
19
149
159
49
100
65
134
49
55
52
39
84
229
129
162
86
46
84
191
10
122
31
45
32
174
78
99
143
83
104
116
112
125
114
175
46
107
88
58
71
70
64
152
147
31
134
143
62
91
70
209
92
91
11
130
84
25
79
30
33
19
117
133
127
50
125
99
179
126
67
107
132
48
48
74
101
88
180
9
55
84
62
154
67
46
49
115
132
54
92
176
139
41
68
62
164
84
111
127
78
113
189
63
66
16
80
142
133
129
74
89
105
195
172
67
26
6
83
96
31
89
41
51
83
92
43
57
219
108
132
97
109
146
117
72
93
131
45
77
63
27
46
190
109
43
78
142
146
59
78
84
99
178
125
117
200
24
106
53
69
82
109
187
37
68
104
102
69
25
95
59
54
129
46
51
72
93
80
128
62
131
147
111
72
188
73
188
106
100
140
71
69
57
71
103
96
57
120
85
100
40
43
104
81
76
164
69
162
132
177
89
123
235
52
103
165
116
126
57
48
136
163
60
80
55
113
216
133
32
64
28
56
80
43
81
67
26
132
186
82
72
155
46
139
18
98
75
224
110
123
18
147
127
64
93
129
130
61
99
131
173
129
124
75
36
64
67
126
168
65
104
123
126
43
82
57
47
57
102
23
234
49
108
148
125
165
153
37
117
126
125
96
86
107
64
76
42
56
137
83
36
107
82
86
59
47
55
145
72
83
60
151
163
86
155
103
54
97
54
134
194
47
46
48
71
222
119
41
97
141
92
62
159
92
102
190
184
129
122
122
135
179
74
59
116
53
106
66
63
83
77
132
77
70
115
142
192
32
87
190
169
42
91
106
127
81
121
55
47
93
120
17
39
100
116
32
108
114
94
212
84
105
139
12
145
42
100
94
115
111
58
58
59
60
106
87
53
53
162
180
205
117
143
74
98
95
141
53
38
52
206
56
108
130
111
155
71
58
88
100
168
101
29
54
92
121
187
127
74
109
110
97
144
97
89
99
138
99
71
120
84
124
32
82
97
92
95
81
72
113
26
157
192
73
8
172
51
40
79
171
195
74
134
103
54
138
145
59
137
155
100
150
177
46
41
43
103
127
144
159
34
65
