183 15720
747 14
440 20
458 54
458 78
230 1
686 82
37 97
838 80
26 84
491 71
911 66
261 64
456 58
921 42
919 36
805 83
100 28
408 36
105 43
702 27
284 21
948 48
58 10
192 54
728 24
834 26
839 50
694 49
237 26
456 74
888 5
85 69
59 91
838 32
942 98
973 41
84 81
136 98
737 26
474 50
344 41
10 20
352 19
851 68
436 95
115 44
242 42
718 2
678 77
490 55
134 86
258 89
374 43
584 78
168 74
474 98
601 87
185 14
355 18
964 73
326 9
504 28
362 27
150 39
570 50
546 27
824 14
886 77
253 8
371 77
98 98
563 73
633 2
931 16
43 6
61 61
376 45
49 87
715 10
655 58
270 3
176 23
268 11
575 84
679 39
114 78
788 31
272 88
794 7
611 43
738 29
920 37
233 26
354 61
339 11
930 78
568 70
210 56
973 35
175 13
496 77
840 72
159 77
995 81
565 28
82 29
492 65
7 11
191 46
898 40
698 25
272 43
221 17
662 15
774 96
301 92
461 67
87 55
25 45
131 51
872 69
424 25
373 64
232 12
363 40
741 83
8 31
216 30
784 33
467 76
693 48
407 87
506 32
524 89
280 85
865 61
382 79
225 52
301 54
87 53
421 7
692 49
905 67
586 5
514 41
731 31
489 96
743 92
877 6
895 59
91 98
531 28
265 71
825 86
894 68
865 34
340 62
998 30
337 33
767 55
779 64
830 15
294 93
959 4
951 77
751 55
194 66
346 71
443 8
311 11
288 55
219 74
18 60
517 64
901 10
351 11
654 90
653 6
8 94
229 82
652 54
761 44
338 18