251 495 122 378
345 739 145 300
204 507 203 238
62 494 652 221
442 451 709 642
323 188 281 291
670 197 679 668
472 88 534 564
793 38 751 573
459 304 212 281
444 608 250 408
273 492 370 312
293 57 223 529
93 709 549 578
749 765 83 469
240 267 214 614
205 96 548 29
663 500 18 787
484 88 422 719
702 459 437 644
786 289 309 448
546 464 306 530
350 341 661 377
44 571 544 763
49 648 744 478
769 685 520 577
175 11 14 643
380 735 261 483
557 501 66 158
304 264 177 588
746 397 260 733
711 416 472 407
180 170 422 89
186 691 285 637
64 94 159 68
373 696 197 619
184 138 517 785
143 285 799 66
450 254 298 149
475 51 4 531
671 343 458 345
299 197 742 605
739 383 258 436
573 707 799 64
423 230 778 467
82 799 754 454
466 683 797 81
243 255 791 33
89 318 208 245
635 508 30 265
272 736 730 626
545 132 423 247
486 239 342 593
23 161 3 523
288 559 770 341
233 531 25 247
219 349 442 253
723 29 708 795
210 461 652 672
733 195 24 261
222 214 196 774
600 772 239 549
54 356 516 793
630 530 169 102
795 266 270 92
735 534 689 109
192 1 723 178
579 48 214 781
167 99 781 751
182 558 784 192
718 161 217 387
76 267 536 450
452 671 702 11
471 51 3 278
214 254 347 3
83 444 679 346
661 98 267 577
104 391 504 391
674 140 262 522
762 470 713 58
89 80 526 47
738 527 230 793
49 709 167 423
22 438 79 491
285 787 107 392
370 490 439 771
252 82 253 233
503 202 316 676
494 61 331 630
572 53 254 619
393 60 756 304
247 296 198 394
767 591 113 173
242 462 771 180
689 173 7 109
670 427 500 131
443 66 264 595
488 422 76 601
572 360 517 460
413 465 797 535
544 537 246 558
338 292 301 639
723 667 96 401
377 749 601 439
515 405 118 600
150 223 563 300
504 493 265 699
148 358 275 424
751 293 490 616
653 280 49 352
291 525 455 799
276 630 673 108
239 222 770 121
25 76 456 726
793 481 208 189
97 629 482 81
529 781 294 228
321 368 784 513
298 682 656 20
650 593 336 124
718 514 166 365
215 313 580 357
465 227 664 324
789 255 427 732
467 291 293 584
205 350 19 739
109 257 249 307
241 446 348 754
76 341 560 328
678 293 344 434
647 105 305 215
578 292 145 537
204 195 62 41
136 211 791 686
186 34 152 315
615 186 349 360
224 791 218 457
198 394 574 448
430 726 590 195
599 152 310 223
402 156 541 625
744 4 714 528
240 149 229 645
306 98 161 70
144 610 295 633
8 375 401 335
468 496 116 406
4 755 787 83
313 798 571 279
670 272 695 401
235 520 12 746
355 797 436 224
660 639 509 641
434 307 766 482
50 431 121 394
482 236 66 86
785 351 577 533
653 639 318 382
297 623 132 483
142 196 425 779
696 60 443 629
77 688 799 169
561 514 497 56
518 61 795 684
349 359 459 372
783 680 236 644
46 484 89 623
122 288 288 415
588 107 256 613
796 577 467 523
219 2 516 789
291 400 321 22
684 127 315 492
132 465 175 99
458 671 277 501
93 37 475 482
388 685 399 64
367 554 21 586
452 633 728 151
62 263 598 170
770 713 65 118
799 303 588 476
228 436 288 490
534 308 207 715
39 268 108 783
547 323 232 239
788 310 526 404
628 296 171 789
36 612 759 763
176 778 85 83
652 701 88 255
756 106 59 77
84 22 636 490
232 632 754 770
263 399 249 121
798 196 38 386
101 409 330 495
628 681 422 233
517 735 283 55
359 714 359 15
213 175 570 397
60 683 631 308
148 792 609 565
265 15 740 622
456 547 93 620
762 6 192 45
4 522 514 457
264 200 430 601
376 140 59 218
489 474 335 531
400 44 257 256
733 424 135 54
97 423 744 739
348 309 129 530
585 55 800 123
133 171 181 18
379 183 103 744
383 393 243 665
770 244 151 12
150 692 50 192
361 787 437 556
197 669 41 739
398 142 421 570
72 684 229 731
664 385 243 457
580 156 539 686
587 531 369 43
21 479 285 264
773 593 119 352
51 53 163 597
594 59 389 591
9 71 45 712
313 285 556 490
32 357 593 484
35 705 262 326
249 184 797 565
466 152 203 339
471 281 499 115
500 135 339 719
290 414 546 4
577 145 541 370
657 27 515 745
584 630 533 729
622 269 71 400
43 413 694 600
678 233 235 212
186 155 359 295
192 263 553 482
288 723 561 389
69 592 311 352
637 203 30 459
135 365 447 711
126 136 499 772
613 63 753 725
246 376 204 778
104 460 638 172
296 456 150 95
132 363 352 102
17 759 261 135
113 624 745 485
251 705 605 205
557 254 457 387
534 73 793 287
559 475 553 126
227 149 761 191
654 267 369 415
703 130 590 33
472 329 720 349
248 587 747 240
574 100 603 327
39 270 120 767
439 655 493 19
151 77 440 405
515 655 651 344
531 342 16 442
316 648 369 372
542 785 268 617
712 337 505 544
634 48 141 655
35 119 66 797
755 349 567 784
571 791 681 215
262 684 419 541
485 485 442 790
446 253 102 612
172 236 771 510
713 710 401 78
500 679 136 361
253 15 785 545
9 658 532 294
182 87 700 751
453 760 610 269
363 786 789 718
522 59 81 781
590 55 534 503
537 124 468 319
142 620 662 245
96 688 415 459
136 344 319 411
141 569 677 317
114 109 535 102
642 437 203 490
73 622 188 49
398 399 623 131
409 345 624 582
43 231 671 232
270 353 791 551
606 130 535 536
116 767 543 359
8 727 438 537
5 473 565 475
209 626 296 753
462 201 495 347
327 95 663 558
194 448 469 183
799 94 238 286
68 367 371 327
119 622 435 702
584 321 138 779
444 144 462 747
595 541 278 46
675 72 143 705
406 337 378 174
556 371 37 457
16 720 320 23
463 70 110 328
75 557 700 643
484 421 537 535
442 223 494 455
22 199 339 150
645 592 176 100
547 688 227 386
514 679 240 3
242 732 722 143
662 317 439 469
659 554 381 487
538 715 241 443
86 379 229 260
66 566 760 121
412 738 111 534
723 298 549 731
11 502 644 18
87 179 659 609
683 54 485 459
595 496 561 317
77 747 580 542
549 701 85 540
29 40 657 789
325 366 334 76
754 406 412 481
784 295 168 506
37 514 6 676
468 451 745 259
114 29 246 26
396 404 252 539
451 266 443 366
256 735 435 42
182 231 95 600
543 94 133 429
642 557 285 195
363 615 214 694
54 342 367 740
793 660 393 91
485 320 350 425
350 703 370 310
339 143 618 799
71 538 340 582
175 800 104 112
569 249 749 643
603 321 601 46
208 421 436 760
107 217 241 413
746 377 346 106
249 536 318 277
275 284 273 76
67 386 87 287
791 319 569 397
735 291 503 621
100 333 80 621
369 660 389 281
665 175 52 392
4 507 26 18
475 786 368 311
264 330 34 315
618 40 6 85
137 411 326 739
43 9 345 277
655 349 218 645
448 362 730 364
410 474 551 359
501 592 429 156
327 458 261 734
547 504 408 602
469 703 405 547
557 687 135 88
756 102 290 80
611 316 112 184
175 207 167 579
672 533 17 661
351 513 681 749
760 60 329 414
651 622 684 285
3 103 244 714
169 355 592 771
466 221 658 487
551 171 721 224
78 154 269 19
282 518 450 380
45 267 371 70
624 245 142 436
186 217 787 760
77 47 614 155
546 190 313 196
326 612 43 111
199 773 745 270
249 446 355 231
582 764 495 571
142 671 705 69
455 354 160 387
798 432 339 480
229 539 52 33
665 371 797 535
16 125 297 509
633 233 543 35
37 161 641 656
401 645 98 505
566 561 332 751
142 29 554 513
689 666 99 577
458 686 643 257
479 184 353 391
554 274 6 703
450 179 205 298
101 321 737 0
181 242 401 380
516 715 651 27
30 719 22 560
46 597 547 504
753 577 412 184
687 212 452 103
158 680 665 258
367 70 768 30
447 359 580 304
116 258 28 673
205 532 307 367
54 193 660 725
78 217 662 263
531 462 41 341
266 91 725 191
163 569 713 29
695 524 470 742
354 613 21 241
602 667 716 316
589 10 113 537
145 721 745 3
106 397 302 662
51 435 202 104
117 264 499 272
737 252 601 213
755 360 596 192
791 476 202 600
633 551 788 41
46 91 593 685
244 779 446 724
12 751 700 766
607 126 394 675
782 376 282 376
733 74 134 547
561 41 235 770
614 667 140 733
387 55 606 648
59 609 298 200
797 624 330 435
359 645 162 545
347 681 676 585
371 338 438 795
402 154 196 431
693 185 507 336
100 687 392 486
669 150 242 175
70 85 642 299
713 729 132 266
116 386 306 324
184 315 403 178
351 151 553 129
261 424 476 481
73 73 317 61
787 673 779 28
575 537 431 186
353 493 407 671
695 296 335 216
134 359 435 137
401 206 236 699
603 244 502 452
554 543 779 30
672 245 37 545
748 386 230 17
540 755 627 506
352 229 711 363
561 489 752 33
752 622 462 6
762 189 782 530
191 662 599 582
244 355 65 741
9 267 706 150
780 718 492 624
705 681 584 408
165 422 241 577
169 566 70 569
773 675 568 726
612 239 687 449
198 235 372 485
514 354 89 422
289 151 513 453
272 87 34 254
462 227 236 80
584 717 1 352
723 590 521 110
495 291 261 206
233 192 749 437
258 578 771 426
485 57 85 622
71 748 733 9
407 208 129 649
496 610 79 429
281 666 135 631
681 45 592 257
694 486 677 370
602 140 194 215
613 712 21 601
488 566 395 389
302 128 351 475
563 602 247 93
6 93 346 682
64 24 630 17
302 574 6 356
21 452 344 359
165 175 473 252
703 510 39 121
244 695 660 475
152 45 748 610
288 413 76 172
791 703 268 189
313 326 476 671
457 346 71 714
304 327 515 241
502 92 63 83
198 225 620 56
517 546 721 302
799 497 448 593
613 379 130 544
384 447 287 524
333 335 413 135
657 393 252 98
60 646 489 489
45 568 425 729
482 530 379 364
308 653 363 583
741 184 98 109
357 356 77 23
14 780 273 296
348 568 328 355
10 400 634 43
223 341 676 714
256 379 361 21
16 604 629 693
434 250 182 252
503 325 275 459
687 515 263 8
74 468 571 250
369 306 167 385
480 497 322 19
701 541 136 664
229 62 391 217
719 306 616 527
332 368 650 696
421 480 284 573
197 741 719 5
692 153 764 449
238 275 128 226
61 198 581 189
572 578 660 87
576 541 532 678
97 423 173 65
241 492 322 522
218 588 211 29
84 84 783 197
566 203 206 647
550 183 511 376
475 116 297 620
248 512 491 196
490 334 356 246
111 699 498 596
729 738 82 635
711 598 3 304
492 610 654 465
796 238 327 63
644 100 680 459
469 689 410 602
766 777 220 797
24 270 775 156
761 501 2 404
226 594 135 378
487 188 174 174
580 396 490 703
203 179 305 242
681 606 3 470
188 105 356 582
525 328 404 346
797 300 460 323
260 603 701 444
535 277 534 757
176 662 219 765
748 484 772 152
467 299 766 21
97 306 570 421
98 50 655 216
587 126 81 563
722 407 796 523
569 684 760 105
324 120 141 59
767 22 344 119
139 50 470 105
26 748 724 640
591 377 407 486
134 248 334 489
451 143 437 610
668 180 675 283
516 63 178 375
215 363 164 86
78 306 567 564
664 277 261 590
666 38 299 382
588 697 389 117
340 742 652 605
781 797 398 689
298 435 146 125
238 787 566 400
539 276 390 677
417 227 272 150
572 43 384 444
135 277 222 344
374 9 566 258
578 216 531 541
633 479 761 62
248 446 428 456
689 654 168 193
620 615 283 139
544 253 278 699
67 614 206 126
568 275 402 325
296 431 292 662
42 362 332 120
610 76 567 228
443 333 502 41
435 561 719 533
59 769 698 774
476 706 605 687
556 601 339 45
590 619 313 720
82 595 94 390
504 504 687 207
658 651 570 52
104 3 204 206
179 488 582 152
774 552 488 739
102 32 387 310
120 675 511 795
379 115 452 576
642 494 250 2
708 189 667 264
660 144 731 723
444 459 349 325
21 357 417 203
633 238 427 419
324 1 208 302
635 795 420 126
661 69 349 650
197 365 538 537
514 660 789 113
565 585 588 188
50 626 497 265
100 759 5 400
728 609 274 244
245 155 268 71
557 125 263 647
643 413 130 281
369 203 290 398
467 246 617 115
11 641 412 215
516 367 450 756
317 379 139 67
454 681 352 163
7 752 12 274
571 586 136 128
165 628 319 391
625 517 684 56
653 647 562 168
605 706 10 643
107 669 593 162
768 23 169 622
129 591 596 10
632 107 537 169
58 755 457 432
147 300 75 158
333 697 265 354
7 550 631 457
667 535 371 135
85 602 248 218
131 380 725 158
710 660 737 243
321 252 465 40
24 61 594 577
457 794 212 217
287 613 501 715
589 558 2 562
144 717 774 534
571 471 331 245
245 517 279 436
338 202 777 185
542 331 191 102
17 387 479 764
250 629 476 341
409 109 506 73
507 579 500 712
445 30 666 48
488 628 595 386
728 370 658 84
85 472 118 132
22 147 339 677
757 90 479 694
421 106 51 204
382 135 699 493
388 84 511 23
508 376 652 474
609 310 443 643
748 471 182 626
463 154 733 208
580 183 484 668
551 292 53 97
10 774 570 520
61 18 251 568
609 57 145 420
93 444 593 363
390 602 264 692
401 469 707 241
20 614 337 459
550 479 733 195
40 59 3 728
42 327 410 389
604 744 210 81
800 56 332 93
635 177 86 767
796 598 329 474
629 397 272 739
411 55 554 626
517 148 30 168
105 399 433 670
483 800 287 524
325 287 268 653
430 61 94 439
232 81 117 27
286 301 292 98
76 185 568 354
448 560 72 483
775 618 239 473
110 147 27 759
535 531 728 81
347 246 760 158
570 640 646 762
543 514 746 766
516 318 121 393
627 721 790 443
53 681 101 229
61 598 726 94
193 129 507 162
465 163 441 518
255 712 96 705
234 375 378 159
469 776 262 78
239 214 638 489
132 681 161 753
161 706 713 166
491 530 230 706
501 335 49 44
154 86 172 320
554 478 594 71
783 612 347 171
457 523 382 740
403 733 232 510
324 579 34 488
73 759 233 281
88 42 371 139
256 588 616 324
532 50 177 401
676 702 34 654
60 748 390 261
386 375 429 152
236 233 405 98
195 754 596 587
698 470 673 233
191 602 473 583
240 433 589 622
261 114 154 264
411 277 190 241
284 622 502 698
123 367 202 300
629 271 126 591
680 764 441 340
757 707 733 453
195 470 296 90
685 104 404 464
298 199 330 716
408 94 577 654
692 737 512 360
241 123 363 35
623 14 28 718
667 561 645 278
381 163 186 37
42 510 310 298
400 230 98 586
33 258 362 162
123 464 128 690
165 379 96 677
576 458 102 579
723 724 427 165
642 676 580 324
139 19 79 767
470 139 395 60
314 760 365 100
702 73 265 366
83 594 90 312
755 742 68 100
378 558 689 298
89 583 229 250
742 54 17 571
548 35 253 261
86 310 538 730
581 546 186 460
393 746 509 189
180 58 261 592
301 262 234 346
576 47 253 527
781 340 329 742
297 258 453 794
184 243 245 739
11 405 380 547
123 644 253 18
408 34 69 615
557 25 556 780
758 259 492 76
149 93 680 279
55 426 74 628
220 551 368 540
626 155 93 800
324 45 377 771
220 708 396 23
219 76 213 264
205 735 66 583
488 510 318 270
673 319 710 461
53 385 631 762
237 464 34 314
79 573 159 411
438 104 666 492
453 733 197 651
132 229 673 239
791 715 529 369
536 118 765 54
600 388 398 310
296 756 127 12
506 287 662 213
660 628 704 33
453 227 800 425
168 256 335 490
292 465 619 288
186 485 391 577
700 578 356 98
240 225 125 495
549 521 47 193
234 387 413 527
33 224 101 45
758 150 361 662
86 720 666 58
647 353 76 73
521 197 371 149
223 84 512 95
626 768 694 225
629 176 115 110
478 669 505 751
217 680 150 537
263 81 63 368
608 143 106 100
465 478 729 364
381 499 714 689
8 733 268 332
686 463 527 258
744 462 377 703
607 762 92 498
633 670 71 262
588 383 683 400
767 600 382 134
222 125 317 708
47 791 270 332
344 192 495 329
627 66 29 683
18 380 431 82
619 244 451 268
671 574 421 4
346 681 609 228
310 474 0 217
40 485 154 686
142 595 361 539
99 85 224 399
160 128 61 741
475 792 782 136
673 770 242 215
254 364 139 346
475 600 673 500
469 79 270 400
259 589 732 729
190 469 756 582
57 698 148 732
645 452 363 615
456 678 697 464
591 570 767 754
3 580 91 613
389 546 289 253
731 396 134 535
713 762 666 481
626 261 375 771
351 753 590 676
247 419 607 138
708 397 328 423
223 73 548 65
543 690 196 210
338 568 38 227
81 35 620 149
116 95 222 643
773 615 66 371
180 180 762 265
224 559 655 533
769 292 796 57
672 325 47 320
756 96 505 463
64 487 790 601
545 511 692 330
227 710 480 715
66 682 153 427
394 6 624 356
746 702 101 50
689 27 475 444
629 70 740 649
147 347 689 709
667 511 741 384
292 284 421 205
29 716 744 260
99 530 188 427
417 174 125 508
95 564 357 112
356 445 573 447
773 488 122 587
276 591 532 13
459 313 590 764
173 625 246 655
342 576 183 199
401 460 616 216
422 645 40 696
314 41 375 207
156 637 722 644
790 677 356 174
313 288 424 162
127 609 214 392
396 269 506 23
613 26 540 705
420 704 251 669
673 696 772 57
456 524 539 299
337 773 616 508
771 466 548 599
475 396 591 35
5 64 524 213
57 255 4 18
475 328 648 613
558 301 15 161
696 177 376 0
444 100 304 95
697 445 195 649
556 260 732 267
277 596 540 561
672 251 580 423
415 490 611 665
326 783 747 296
598 11 796 158
587 215 367 788
378 727 466 659
175 603 158 188
47 6 140 304
87 353 403 717
492 520 172 546
