57 786 259 572
636 462 565 73
585 660 214 691
95 594 6 606
560 523 80 55
746 690 289 538
109 149 217 271
51 243 510 546
223 162 775 121
31 778 283 716
73 730 350 333
730 787 21 549
364 668 271 731
236 765 548 507
458 679 279 733
676 249 705 725
288 249 186 239
493 110 253 773
608 298 129 89
327 716 143 408
237 490 764 677
472 175 318 674
643 88 417 473
734 77 53 153
485 414 731 578
517 604 9 248
390 737 529 8
483 192 738 324
612 329 778 530
421 61 554 205
581 788 344 459
605 622 95 535
452 240 92 553
497 25 232 473
536 257 796 25
354 650 32 101
499 684 660 46
517 742 707 91
760 559 692 645
335 723 11 215
659 190 375 593
384 440 365 547
775 207 105 21
145 666 676 308
642 215 295 385
69 583 688 111
684 738 439 242
432 799 550 488
379 563 200 379
797 473 568 313
479 695 740 311
482 598 402 335
112 730 735 248
90 347 728 141
201 414 755 651
391 632 217 523
365 271 359 89
120 796 667 133
490 358 462 449
441 288 560 11
709 756 527 649
86 514 467 255
562 504 126 748
170 750 724 591
314 644 3 68
740 473 340 84
765 528 55 327
279 358 457 554
227 298 217 592
574 475 424 588
625 128 262 601
232 216 279 5
322 579 399 783
148 131 20 465
696 89 262 246
273 412 37 384
107 11 6 409
232 430 526 706
727 167 527 347
489 722 635 477
491 522 75 413
793 732 184 770
58 708 455 315
765 488 524 279
305 46 533 688
642 603 727 309
444 388 692 283
607 644 27 103
222 420 579 109
653 19 123 227
479 53 49 153
737 90 521 520
645 432 742 300
496 36 604 620
442 309 202 506
656 493 434 558
780 331 471 66
761 411 497 701
630 433 797 781
743 136 753 409
764 252 61 740
432 160 767 592
780 213 25 466
391 246 781 162
542 177 534 792
402 166 267 51
295 230 423 135
554 567 75 696
623 348 95 327
721 266 510 783
570 320 583 420
681 185 45 418
283 745 581 797
306 113 692 186
748 415 43 708
731 469 250 420
176 723 311 201
590 752 580 567
798 410 528 3
765 666 418 619
621 279 311 247
498 102 100 554
722 308 276 524
193 762 533 708
751 719 428 496
407 591 197 558
194 319 710 490
343 334 194 104
263 647 214 589
688 683 237 547
377 590 658 527
596 152 50 447
125 28 146 157
259 728 511 711
545 407 502 16
469 89 274 73
35 542 493 389
778 513 508 69
703 26 133 51
567 541 202 121
794 471 171 702
433 157 631 132
253 644 641 678
453 548 292 540
409 365 268 270
205 10 503 786
701 737 409 249
667 9 41 613
205 41 356 312
797 84 416 585
615 667 113 726
682 752 722 71
645 345 785 43
275 29 780 474
51 777 332 759
649 135 54 765
366 201 61 763
182 718 364 591
217 699 70 417
578 280 139 433
587 654 797 55
711 358 762 736
186 257 333 211
557 607 515 395
160 760 525 453
694 654 444 27
572 354 115 776
302 637 310 486
360 277 786 82
624 491 465 196
277 449 2 264
306 414 475 93
738 756 501 738
162 358 536 139
476 219 618 46
50 274 745 114
624 652 227 460
359 296 35 166
221 447 102 727
336 161 70 426
675 621 372 721
78 455 191 104
411 20 118 454
276 782 159 152
59 335 789 696
329 661 26 644
511 432 367 245
499 61 190 19
151 316 146 205
429 762 575 549
542 195 459 169
627 609 183 431
227 77 654 373
367 655 11 524
159 384 267 330
101 682 137 526
360 226 586 547
378 49 102 387
526 548 363 200
77 115 100 331
638 9 677 737
579 273 258 337
487 171 168 199
715 569 205 559
788 646 754 306
205 513 283 196
269 592 373 286
683 523 36 534
398 360 537 298
510 412 223 53
742 84 560 221
287 355 746 453
452 203 615 475
617 419 415 172
652 60 500 425
235 665 354 249
676 16 505 155
583 670 467 356
7 165 596 48
539 463 81 790
743 422 435 513
79 593 303 480
406 332 416 653
170 302 699 794
264 388 761 482
227 342 371 504
597 440 313 257
664 274 758 171
103 229 49 581
281 72 377 544
197 175 75 664
437 770 373 580
115 402 430 20
622 450 413 453
150 429 494 797
252 52 35 239
763 306 396 229
316 39 709 106
599 266 721 506
299 449 465 670
291 774 104 778
379 341 615 624
607 724 344 401
226 226 537 775
316 733 97 672
215 545 22 710
213 523 244 166
132 615 131 133
775 399 155 392
289 256 379 50
95 327 289 623
26 792 768 716
682 735 425 47
347 221 76 337
393 474 270 2
255 306 42 670
659 13 542 687
377 138 669 152
556 701 688 37
552 491 669 152
774 547 672 19
399 556 685 315
24 653 615 662
232 586 377 30
378 632 54 443
255 602 222 756
497 759 737 400
255 390 744 190
671 475 206 7
94 80 335 142
169 6 134 493
762 681 399 389
75 513 422 455
0 40 39 112
127 605 660 419
690 736 697 455
257 275 37 672
665 215 68 165
525 531 255 230
789 621 620 81
175 240 657 479
704 751 725 176
545 225 665 176
330 30 110 53
616 210 76 460
201 430 621 604
212 316 401 775
377 194 431 329
496 398 649 461
614 605 131 62
616 24 351 46
298 259 231 440
73 117 387 500
685 143 619 310
261 478 334 594
800 379 528 375
394 211 379 793
213 671 241 105
194 134 646 708
505 392 318 642
462 180 534 588
25 584 689 355
518 514 781 458
185 21 674 14
782 652 432 729
226 56 191 171
658 742 765 270
404 653 745 180
600 367 746 797
2 737 385 105
0 509 633 490
452 673 218 590
797 466 194 708
399 223 500 531
232 228 423 445
624 656 733 597
607 329 689 658
135 743 667 504
740 41 251 211
521 90 281 84
761 575 51 667
27 81 287 693
38 800 673 374
574 329 580 690
19 35 64 126
512 649 694 784
749 485 414 745
705 237 702 760
209 402 413 694
632 625 405 798
35 189 186 254
208 115 551 435
575 800 40 481
620 778 159 573
495 653 649 192
565 556 256 202
276 386 311 512
204 765 146 477
241 23 790 131
545 447 52 799
748 445 430 634
767 25 681 66
502 681 344 287
420 702 346 258
301 149 237 646
773 536 390 668
566 246 348 370
420 475 307 312
181 686 681 540
664 356 75 402
689 333 214 184
222 312 678 796
69 454 16 20
508 200 673 398
691 295 729 401
552 525 105 176
491 168 379 487
345 524 570 104
727 466 517 489
313 232 390 778
343 517 208 749
794 597 518 789
378 784 565 187
721 676 465 735
69 358 757 696
509 792 109 644
345 638 114 681
325 631 456 536
72 168 322 763
238 127 398 741
569 284 767 677
638 775 736 246
432 739 47 425
249 799 306 372
163 177 518 169
630 603 68 200
371 150 194 542
4 462 367 477
638 555 428 25
599 42 631 622
781 262 325 245
285 197 382 646
59 15 165 62
282 414 730 112
143 711 422 471
472 16 281 487
552 383 337 593
148 245 454 643
518 57 123 346
704 218 65 127
53 582 384 320
228 426 754 761
787 337 213 146
776 313 416 774
103 783 674 203
54 176 204 194
711 209 532 108
267 11 581 269
159 316 99 195
131 56 146 319
685 264 714 127
272 62 277 592
653 31 287 28
288 528 611 676
516 129 431 338
129 457 285 436
211 14 199 261
218 664 347 368
479 356 282 590
632 744 212 702
164 208 503 549
652 613 570 590
340 436 598 196
270 524 740 297
737 455 149 336
714 92 583 271
519 790 28 242
681 675 662 150
14 333 737 676
715 716 305 316
128 211 674 345
483 564 745 461
528 479 759 550
381 5 636 734
589 619 275 297
715 530 89 409
617 591 306 755
14 728 752 477
485 766 610 227
567 661 715 411
357 595 33 11
124 707 83 174
790 370 208 296
53 290 384 793
62 498 694 221
330 755 704 23
601 685 20 795
229 749 764 190
467 650 381 665
134 385 286 530
220 415 72 372
313 411 366 193
43 575 70 105
106 736 138 327
764 167 221 350
39 313 142 191
68 742 556 451
21 17 230 110
679 192 30 647
58 283 89 5
450 80 600 593
541 84 138 431
721 134 105 364
500 516 79 728
253 17 257 523
380 301 755 276
11 709 315 266
363 513 497 568
194 611 360 523
657 338 554 322
625 294 306 295
721 84 757 288
632 1 512 683
688 169 255 423
762 684 379 60
514 746 632 418
747 679 712 199
81 769 549 772
624 318 741 131
749 674 495 676
113 568 314 487
627 522 439 613
533 762 406 105
171 205 774 794
759 692 511 223
44 575 336 205
287 254 110 341
611 181 112 252
188 306 508 392
664 579 281 328
559 525 600 265
568 555 74 691
55 427 506 328
509 364 243 748
209 266 456 397
786 692 732 212
555 357 416 556
8 67 778 18
705 56 250 794
788 392 375 605
194 473 546 737
500 380 404 555
786 35 761 598
493 439 780 177
67 304 644 709
640 142 761 268
549 749 796 530
668 597 1 743
508 795 786 777
519 142 465 58
339 106 591 627
480 421 233 58
768 625 3 474
563 699 729 704
182 306 494 780
432 440 442 553
129 554 343 404
683 294 390 357
570 564 556 283
250 255 15 30
369 335 310 534
560 465 525 619
8 179 33 655
76 421 377 670
61 401 29 159
257 153 796 392
387 694 796 68
794 589 552 342
25 311 746 12
100 566 469 20
437 471 70 671
28 328 710 792
352 200 608 683
525 771 147 18
778 274 71 96
251 412 122 485
548 360 727 78
593 751 767 550
612 221 208 421
729 145 42 595
761 240 258 308
249 41 52 533
794 37 421 695
463 728 57 166
174 417 152 327
103 597 294 269
316 187 279 659
25 689 403 283
363 486 241 364
114 257 205 270
281 33 674 704
386 793 352 127
671 60 114 232
137 413 265 705
466 416 111 485
103 628 24 487
197 324 78 666
385 244 666 53
96 173 700 748
151 231 95 642
723 588 722 696
768 215 354 751
474 301 265 33
149 413 461 11
456 352 168 126
495 768 316 314
473 31 574 587
695 511 150 55
18 110 650 586
572 292 721 53
338 267 544 560
432 724 224 257
519 706 588 497
89 138 381 143
436 79 404 160
473 752 221 190
88 380 296 486
551 19 296 83
627 186 136 763
681 116 5 643
686 415 760 30
422 101 451 700
665 69 382 693
720 304 615 287
178 147 195 500
607 50 37 326
155 114 708 110
588 638 286 272
670 377 503 133
285 159 365 395
216 433 3 319
75 299 529 186
209 208 741 73
201 224 345 531
232 627 216 422
560 48 425 665
638 182 299 772
675 148 93 328
4 141 121 101
388 183 783 734
670 615 284 306
158 289 413 255
68 682 764 271
363 54 50 242
728 615 437 354
113 31 294 308
201 770 667 278
197 729 637 294
492 302 696 764
394 524 779 689
670 716 632 534
626 697 302 732
171 474 560 790
784 644 401 242
18 55 572 7
576 355 502 18
560 323 36 691
357 434 687 668
72 708 768 391
771 465 101 528
204 714 50 254
674 512 175 260
151 201 379 740
78 773 65 514
686 325 363 629
504 248 402 48
276 582 641 656
637 365 472 792
86 513 76 189
609 635 218 235
246 216 536 468
524 609 771 9
438 721 643 574
672 352 138 366
197 646 337 731
774 646 432 364
207 37 312 191
302 146 405 719
481 209 87 180
75 461 136 48
798 622 508 567
410 211 118 13
148 791 320 502
665 414 40 490
514 537 514 16
139 460 563 521
315 564 628 597
301 682 504 113
631 373 376 209
470 478 604 227
512 579 638 414
341 755 737 356
99 541 594 797
131 103 561 279
41 678 589 539
297 744 644 685
279 779 333 720
37 46 81 272
560 290 154 730
39 376 468 145
142 486 722 650
270 766 550 766
788 793 243 188
538 445 795 745
263 276 419 18
270 405 731 353
370 539 501 189
292 795 400 35
618 535 247 456
704 217 497 260
225 113 437 555
552 647 34 309
340 763 757 166
336 759 122 693
642 524 782 510
252 393 188 770
560 175 597 714
302 141 395 362
256 541 327 316
176 438 36 145
157 281 270 456
60 212 14 27
595 714 559 152
588 673 633 737
640 482 738 224
452 167 256 157
491 649 27 137
389 247 205 695
252 95 313 160
520 707 764 18
243 528 790 462
582 391 197 42
718 211 587 371
390 77 642 157
141 40 73 313
589 581 370 460
18 334 530 277
629 676 591 450
405 488 723 520
438 674 543 60
602 662 236 515
540 412 432 621
656 764 144 359
210 175 410 27
537 749 680 464
753 440 561 364
794 769 80 271
681 566 348 40
256 647 37 287
232 136 552 220
391 604 612 301
208 47 642 248
379 341 767 302
42 168 727 391
205 582 540 310
564 714 258 150
374 732 551 318
430 542 545 632
481 705 198 666
534 95 595 398
594 264 632 569
656 470 340 175
288 426 292 187
496 788 730 110
684 66 380 615
383 717 111 121
512 615 426 224
591 547 53 519
784 290 20 123
734 586 682 364
483 644 38 683
731 14 356 14
343 509 300 335
496 144 353 555
438 298 422 591
512 654 73 592
373 125 634 521
136 496 584 66
302 502 345 692
173 70 209 574
642 264 76 32
527 727 181 246
385 760 37 12
56 601 296 73
55 138 54 541
736 223 414 461
582 29 452 613
491 289 303 677
527 83 255 722
548 520 533 166
629 326 302 333
387 86 536 82
555 36 234 16
409 588 143 373
481 680 537 73
292 296 785 659
701 272 444 614
337 533 478 722
395 295 671 461
310 576 14 774
152 617 535 133
455 679 342 393
669 415 723 734
148 360 56 79
152 86 694 125
692 196 346 704
240 6 628 102
523 309 157 374
156 445 393 329
421 146 612 534
487 182 408 773
331 402 15 684
732 454 110 716
193 647 286 313
128 611 258 251
147 117 748 3
755 214 722 767
683 64 95 36
565 716 562 226
782 266 125 505
625 756 278 102
104 100 85 622
186 131 198 362
145 313 600 51
193 368 310 606
345 540 404 239
401 363 370 537
351 512 121 720
186 15 749 637
735 329 526 566
180 648 12 49
90 146 777 306
587 27 489 281
564 678 160 96
464 556 211 758
648 83 417 429
110 700 694 56
15 515 411 371
668 662 637 380
128 573 386 554
535 534 378 555
368 154 234 442
785 127 352 226
350 179 694 679
106 44 738 680
569 261 273 13
115 611 655 257
505 197 333 180
770 138 472 559
700 13 401 114
662 793 139 505
598 195 756 636
341 133 589 480
273 437 410 441
282 658 355 122
754 580 33 418
601 728 184 599
85 95 193 294
766 7 263 65
104 210 593 62
114 748 704 548
481 83 213 674
785 390 269 444
42 696 202 18
447 20 9 493
673 145 334 412
448 145 29 601
197 419 320 175
656 502 761 719
386 653 683 197
600 56 239 191
585 538 405 748
203 592 310 20
800 696 312 160
62 200 263 785
151 689 193 27
736 324 378 307
37 501 669 680
146 427 601 577
721 689 478 227
705 404 210 391
763 421 378 243
764 591 482 785
766 694 38 159
647 548 724 685
701 580 379 451
662 708 103 158
243 298 530 81
732 207 512 783
744 436 246 664
328 0 630 373
582 667 430 178
208 442 723 749
330 100 643 51
67 192 476 158
530 454 355 341
67 40 132 257
107 277 454 631
139 384 50 793
175 347 391 668
13 149 576 123
666 626 442 706
267 197 528 798
293 186 636 458
642 333 37 705
779 43 20 397
706 259 410 109
149 183 197 475
684 300 423 358
418 646 605 401
590 368 496 199
130 337 59 681
139 789 506 368
687 37 536 22
336 695 576 605
320 524 367 314
415 539 663 729
213 387 730 119
743 205 748 788
83 550 710 504
230 254 529 187
43 442 754 363
381 324 666 629
158 518 146 743
671 518 18 763
655 351 208 465
790 109 679 375
625 140 292 773
357 294 482 423
36 143 466 518
664 224 708 568
668 770 661 144
415 520 516 83
517 10 699 137
771 526 332 72
636 375 717 409
65 511 279 309
246 228 621 440
189 333 774 761
60 618 640 689
530 67 459 755
422 408 504 306
274 540 371 545
204 334 29 606
147 701 709 277
586 672 200 564
66 563 254 797
337 586 294 26
445 387 309 610
375 458 632 570
36 560 352 206
90 27 15 632
641 441 29 242
777 263 310 794
240 16 448 204
251 80 684 556
560 373 218 298
409 424 656 175
159 78 606 404
577 453 350 37
546 758 686 518
77 333 449 182
230 66 337 623
388 63 82 35
757 301 195 607
582 597 711 505
210 654 632 128
783 790 609 794
118 88 194 719
798 348 614 430
316 654 510 66
439 600 673 691
508 527 501 270
766 518 654 213
319 534 337 622
160 118 728 429
138 126 229 466
176 290 18 621
79 381 98 238
428 604 61 589
745 8 447 42
328 484 501 502
655 558 463 14
552 721 175 450
117 55 262 786
419 725 6 600
768 358 418 352
577 145 538 346
607 162 55 359
414 266 700 35
276 668 679 669
769 439 16 261
505 582 558 282
515 161 299 288
532 744 640 362
639 153 312 377
155 769 319 583
88 523 386 573
481 331 733 485
460 430 141 330
690 169 458 321
258 602 139 82
216 639 649 444
417 786 180 662
686 390 413 363
521 421 348 559
647 516 677 142
559 231 694 310
798 203 81 126
299 59 730 103
381 8 760 64
512 639 628 213
702 388 570 584
241 428 748 744
104 164 743 183
559 460 361 233
584 256 800 35
149 259 387 559
745 82 31 46
625 18 743 453
169 441 359 68
562 10 14 90
366 612 248 105
130 426 409 175
274 603 291 150
77 274 508 221
368 662 141 694
217 138 544 200
15 120 508 691
469 698 377 232
76 29 401 94
166 581 439 236
65 587 724 59
377 730 279 342
618 358 18 222
173 248 296 136
450 379 21 377
502 554 422 404
69 66 351 324
794 424 595 455
479 270 242 367
419 305 434 185
396 550 488 139
789 328 218 3
715 173 641 446
73 133 541 775
796 200 787 645
591 248 548 11
619 289 259 565
81 670 495 488
